37799
22566
62520
4098
47999
49660
37063
41856
5417
48856
10682
22370
63281
62452
50532
9022
59300
58660
56401
8518
63066
63250
48592
28771
37673
60776
56438
60424
39993
56004
59002
33982
25498
57047
1401
15130
42960
61827
32442
64304
30273
38082
22404
3808
16883
23111
62417
60364
4542
14829
44964
33924
2141
19245
47168
24048
1022
23075
24888
49247
4900
22656
34117
55555
48947
59533
21312
21415
813
19419
1999
20155
21521
13670
19289
58483
41318
16151
13611
21514
13499
45583
49013
64843
63485
38697
59188
24593
57641
36524
56980
36810
6096
11070
60124
37576
15096
45247
32783
58390
60873
23719
24385
22307
17375
15990
20526
25904
42224
9311
7862
3835
30535
65179
57387
63579
4946
9037
61033
55543
50361
6480
14042
21531
39195
37511
23696
27440
28201
23072
7814
6552
43637
35113
34890
61297
45633
61431
46032
18774
62991
28059
35229
51230
14405
52242
43153
2709
47963
36943
54066
10054
43051
11525
17684
41681
27883
56909
45772
27496
46842
38734
28972
59684
11384
21018
2192
18384
13464
31018
62958
30611
1913
18904
26773
55491
21899
64413
47134
23172
7262
12705
7522
58815
34916
3802
58008
1239
63947
381
60734
48769
41938
38025
55099
56691
39530
59003
6029
20920
8077
42633
17443
53570
22833
3782
47758
22136
22427
23867
59968
62166
6972
63684
46388
41942
36524
9323
31114
22345
46463
54671
9214
7257
33150
41565
26214
3595
17932
34660
51961
58634
57990
28848
49920
18351
53669
33996
6741
64098
606
27383
63140
32228
63437
29085
65080
38753
16041
9041
42090
46388
63650
36636
21947
19833
36464
8541
12712
48955
39206
15578
49205
7731
43046
60498
9237
47706
43973
42008
27460
24999
51933
34070
65155
59955
9277
20420
44860
50992
10583
57751
23195
27227
42816
58219
37606
18426
21238
11983
48394
11036
30557
23453
49847
30032
48065
6957
2301
7736
31260
17071
8940
9929
45563
12107
