42735
49106
9160
36530
39071
62837
57518
3647
19697
52624
47373
44095
8598
60643
60761
39195
50886
25810
32783
39816
40965
19609
1994
29327
59189
2908
20483
57349
57235
22070
9938
30845
47973
47839
49593
15027
43558
47827
48657
33365
55111
34997
35227
26316
46297
25185
27763
14628
30139
51384
60448
9552
5181
3450
56206
58698
29335
39184
6991
20085
51312
8882
34654
5844
44880
21525
36150
55108
9125
14314
45305
39793
42275
39147
35244
3724
19970
24014
2327
46762
56975
7075
62357
22751
46015
45489
10438
11851
14876
1651
50297
919
30325
10539
4910
5094
34686
34086
17041
3208
48890
5859
36313
23192
23603
44677
42492
52320
4346
17305
62924
45660
17319
31986
45656
11263
35717
41171
21327
55470
13225
21021
46596
36126
53509
52148
17834
14667
34803
19487
17379
19858
56059
7469
4192
33729
62684
23489
3813
41268
32403
30716
64231
44175
13592
14174
37660
12714
56947
25186
6283
29035
63059
48815
26170
63767
6568
1326
24688
57190
13612
6825
797
36533
23018
10895
39085
18821
3116
53419
22391
45649
3174
29655
62916
15462
58243
50451
38542
37416
16870
56758
20280
18007
11094
1539
29833
43409
2632
18939
54628
63716
41521
39694
41070
27970
12502
18050
24570
11824
9799
55675
61894
32552
48567
23991
56420
64618
51488
39464
17168
53168
13557
12423
6351
17796
61194
25723
20730
31205
8505
34361
40991
57820
39372
35810
45979
15303
55674
8745
39105
30353
35329
17355
16440
1415
6338
45024
35493
37765
44572
46926
38677
56573
60430
49546
64458
873
2785
21387
18079
34500
50334
53065
40012
51742
47690
52484
51823
30520
44739
17353
16151
59197
18816
51644
12842
36339
23392
23908
6455
25000
52089
61190
10066
12457
32470
54857
60816
11931
9088
51803
22594
9112
60366
30076
1879
39656
31539
12317
53241
12275
62829
32858
57969
44508
3633
40026
3270
40681
27882
46214
65076
55885
4392
25633
63844
46824
58927
20338
34984
13945
39334
47599
20244
46629
3115
39361
28920
6297
58277
18987
33187
56689
31974
47039
46881
39229
54804
60990
14782
13351
36730
55680
1502
27668
25789
44948
44530
59110
62042
43396
54920
34127
53106
25611
54924
7820
45326
19862
5164
7273
15733
23961
13350
9639
42472
54506
22959
29103
21559
32381
39800
25545
63139
32857
61419
18248
36033
59917
46920
42459
5631
2934
38801
59747
23922
35408
11293
44277
16899
1292
51088
10714
1082
7656
51205
28923
9703
25801
59899
34134
1945
23003
29491
62530
29249
29227
22792
15999
43142
23893
57859
54331
37452
53669
16556
48606
17388
23725
18220
35367
30340
147
56092
53956
42615
61417
43005
60796
22823
19616
62892
5716
50409
51940
45934
12832
21741
62314
32478
9552
42568
4185
12472
51539
61856
1378
50512
39569
24741
3056
6092
10314
7894
10578
34128
61405
43108
26496
47636
59785
2180
21574
15774
48582
63898
38446
19276
25887
45517
39392
11511
3380
35690
29671
21204
50232
27528
55398
34858
61385
21413
62269
48246
26662
21493
27847
25701
49353
21655
1109
45977
47468
45344
43966
32282
44268
61239
4185
19634
23889
24524
3853
40445
56979
25888
46026
21824
4959
25254
64916
10545
7115
61884
16440
62621
43679
7404
52352
39680
63641
60642
64884
35276
39624
51833
9098
58416
57618
9516
44389
13126
56468
2075
46517
38846
61832
39675
12459
35038
5928
52156
62240
15918
28490
34164
23068
6145
5361
20833
44360
19391
3645
7524
924
49460
20679
58593
52853
54747
4344
20389
52986
28093
52429
55243
3320
31591
42693
29329
49196
62257
47202
6041
25335
32374
22524
59421
45540
29989
36652
40246
32488
60663
33965
4085
31641
21152
30970
31279
2182
34333
11740
43811
45945
17827
28835
7805
13069
31100
6421
15446
62423
49470
59336
29634
31307
48279
65531
61631
35939
28314
49478
39731
19408
4447
29720
64442
2887
45058
9948
2316
34893
63955
19142
38123
28895
48893
29707
4140
49837
22625
43656
23749
11025
44282
35180
62646
56261
13274
36563
10156
25339
23267
6724
62186
45722
56266
23613
28127
9199
59017
5322
16298
61723
47272
49475
60068
21255
9130
27228
35458
52416
5524
8313
58167
61372
43063
47426
36023
28676
20309
12114
15989
44205
32652
8075
34000
9266
13130
23791
29026
42025
27240
8955
52281
48662
5607
50954
22159
59079
62875
6933
59128
22574
46840
22858
6251
5895
25226
11760
27686
13637
60589
15194
52321
62801
12038
45603
19661
58595
4087
52074
35303
30685
22745
42021
22970
8836
65367
8984
61869
41102
59318
5469
44947
63890
15576
10000
4721
59935
18906
61001
10025
46274
46005
43
9815
35043
20290
39594
65387
55053
61949
45363
22479
63698
48044
64239
62719
662
61690
349
61440
47837
62583
52437
44652
16373
13151
61833
26693
1279
40178
55016
2198
11632
51869
8280
22405
63124
646
22705
1982
10417
13476
63502
39608
12335
28912
19366
41766
60429
31883
63875
40262
1954
38343
57649
61448
20131
30519
6698
39704
18852
60351
57029
50396
6827
56580
25714
47813
6288
58828
53965
57881
54739
53640
43882
52232
37418
29479
29835
52278
15795
59734
20371
56679
48178
60047
25396
36265
38085
9240
59379
48977
60039
5695
15560
10037
20463
30526
44933
20763
52781
14171
47356
54320
50561
40427
9097
58946
20129
64909
19914
35165
13356
18266
63634
17477
10517
5061
32650
45879
19681
15115
7323
63011
20521
19920
44865
25561
32940
3892
63285
9019
29147
25933
21576
12837
36891
12661
9599
49709
17493
14187
47007
61048
62864
9675
27744
44131
35726
48511
3787
33864
8641
29795
8872
2824
54712
62218
62020
38593
30452
58592
22640
23800
16143
28176
10650
63789
2500
13606
49031
43482
10437
41038
6699
3415
3158
3443
46846
25894
15037
61287
8273
21913
17648
50182
5228
20974
9625
58702
24118
41517
20199
57663
30231
751
37971
49261
29765
50624
29256
6161
27439
20535
4702
28314
57961
56300
34056
3887
10327
42612
13804
55807
25612
51377
30089
5424
18688
22026
8553
12498
15989
58933
3395
19111
23069
8104
28443
29274
41267
54710
36641
57105
32350
60481
29539
40972
6541
10444
33974
24295
44385
64503
15462
44706
6953
25253
23183
110
28158
33860
32059
26794
52464
30294
33868
59187
60729
13904
49263
23411
64840
40557
43844
65500
13183
44807
58544
13966
53897
45481
52739
11417
15703
23078
65431
53571
1488
6546
63764
18177
22940
50878
57820
62316
16168
9574
52641
61378
41904
58354
53604
37387
64575
51101
7323
23808
63178
45035
10138
62268
37875
26575
31734
20167
46697
61367
47801
8226
50820
49414
39492
54484
43924
62616
18847
49764
14158
39017
13865
7264
34388
37689
23359
35123
38953
18222
38435
61909
54922
61151
9156
44817
59559
19759
31436
41046
37239
64894
2894
55565
20148
44516
19067
4263
40754
52569
39094
43003
20899
22813
26856
14252
64695
63575
44346
52633
58374
47138
9598
36876
39222
4525
10276
42615
36105
42683
62349
17600
48380
35825
6446
34870
50936
63667
22134
45716
8619
56763
38870
43272
6193
13600
62552
5620
59229
20538
19446
5548
34340
22324
64849
50341
38500
17062
38056
11811
33498
40316
509
15726
20592
39285
41880
54766
48155
99
59520
50671
60881
40030
27325
52050
11093
30961
5330
5268
46128
56663
679
35501
44634
8803
35610
55820
24563
10007
40409
3817
45168
20844
14535
48360
11716
4295
41723
23159
45854
50142
51923
42862
12491
16709
9719
62107
15020
18609
63221
13964
17842
33917
60215
23634
57394
46817
59670
13962
27032
14008
29503
62129
57714
48268
43302
64237
56920
24285
17542
8764
36935
31154
38883
5308
62604
30464
50337
34817
3658
49934
37783
53526
56924
58270
183
10790
6947
56457
65007
21242
15771
30408
32090
51541
36273
7518
12439
18762
59032
7463
58641
46411
12074
32126
24189
17312
25811
4992
23691
11331
16731
42705
53431
44836
55609
32305
23639
13831
56549
52529
33349
42102
1951
40673
46286
63510
30249
851
15103
45778
47882
60545
47402
5676
39631
58646
18874
2864
43212
60051
58849
7699
35926
57759
49849
11066
64088
63794
11793
6576
38956
36188
52092
52441
35874
31531
64081
35047
48734
28449
29568
12940
4192
18646
11326
31746
39799
43670
17612
60657
34537
6912
43916
40257
46115
29811
35137
5576
64149
65233
53196
12710
41552
63371
57718
399
21590
26790
5852
25597
50230
28836
50403
24587
22978
22298
55592
37426
29903
43030
10490
7019
8195
21318
29917
5169
25827
62892
27647
27496
29695
51452
19514
3562
54927
3108
5114
61785
57430
48009
21604
52299
40517
4415
16487
60482
17393
12690
35021
40643
23948
12499
979
39854
21519
1199
8891
39877
54481
51447
30546
23134
61256
20585
9679
61090
7502
60044
21807
51747
45175
4051
28655
22255
46044
21013
44103
62656
28209
61334
59532
19755
9128
36562
64941
17796
37237
46334
11533
49156
56870
20992
7741
46018
23955
45875
32781
31990
44411
51226
51003
15180
58497
42150
438
48411
36483
53372
50905
32900
49544
36985
51322
16343
37053
21632
35589
49036
59297
8154
64862
41585
22934
13396
56759
55093
28999
16368
53604
51814
31022
36705
47540
3955
54761
56283
38428
10766
23756
59085
12946
30108
18805
1201
41390
33638
61682
40642
8837
48125
56164
55145
11176
50588
4027
21186
6159
971
54645
44882
53097
21658
11977
38216
15008
50939
50783
47741
55188
51572
45705
16278
47574
39598
54507
26227
41704
18015
55861
57500
35560
58439
10658
12876
17785
55017
51490
14702
17751
58519
1674
43778
56802
64531
28403
7108
12312
60700
36970
11607
45904
53172
1559
44174
52826
22974
12065
56994
44610
28959
44674
31763
31994
54610
31841
14759
3815
41440
9789
21138
25297
8315
131
47126
23943
32358
24906
42999
64922
42270
64025
27643
36833
6412
62318
50806
26343
27735
28597
28152
39824
28942
6638
13770
62553
50495
47123
24655
18710
9656
40063
3883
47144
36170
43617
2050
30431
53261
14840
54132
50874
13355
12433
22118
48063
38892
34698
35220
27279
2465
44360
62899
24432
21770
29823
29599
34912
49603
51359
40028
63519
30212
13112
18320
26043
41550
34719
65142
2287
37502
15883
17900
20756
17802
41458
24791
1481
57661
43007
40429
64620
41312
43926
42037
32305
34173
49381
50025
51773
38805
19179
6451
60526
30853
19866
62548
36843
28835
61796
20111
58861
22835
28650
20204
53709
31477
11220
50023
57202
53099
42332
46546
9404
45738
7890
38614
18083
6568
45563
14550
29573
51705
56365
19130
62572
57146
37489
63345
24011
61000
41414
4664
34722
6398
22241
55642
41503
26305
25134
16715
28624
59695
8929
9698
26066
35951
42829
35978
41086
40509
52098
4297
47233
22422
43414
61186
49912
31064
23415
54476
58730
34021
58143
16262
45193
36927
14231
43201
7788
47427
32318
49937
61600
54065
19519
25219
42288
34263
39498
46582
33712
30721
17442
14754
63917
53514
46205
60117
7500
7106
21809
53210
23737
18591
17593
31055
40548
30126
50313
24520
17693
32108
32915
29790
3328
47963
6038
49643
19007
56021
56131
33763
18619
125
50580
18400
36163
14539
32729
4168
28471
42750
60737
51458
15561
26854
36416
64061
45309
12538
40249
6494
19784
3279
42997
34451
9362
38232
64804
25406
41661
23532
12467
52692
51444
53493
26816
32639
30383
6075
60712
20688
32990
1782
8519
44192
21740
18137
31393
50435
31332
20583
59187
15744
54105
57501
3560
37998
12560
22810
27838
27819
2764
16939
48507
28628
46487
49455
60085
52937
41970
32085
57206
2675
57198
28301
28515
25277
47915
59978
38487
58708
31010
64000
9496
30860
22760
46663
23334
51877
55086
56225
50971
57988
5593
24983
30469
11620
29597
5413
62867
22764
23561
1591
46554
5050
34493
49268
19935
37927
16766
28139
55948
63610
47005
1432
39327
40191
42159
24181
13648
3222
50514
48635
15396
18056
31419
30894
62185
43329
62171
29996
63914
37802
53738
45908
11000
30890
39528
49112
61824
28957
37040
64669
16781
20929
30327
54372
36245
59335
22275
53335
48032
45218
55085
36126
48033
52697
4083
51037
35885
32896
36991
20586
14470
46229
38307
3077
13233
19641
58524
63354
11132
42124
58845
39709
25635
39876
7587
55950
3410
36528
19480
20665
35690
36570
15875
53719
54023
54639
22946
33363
22269
15078
1640
26837
53893
23256
19052
25160
18179
32827
62741
53909
1817
7785
48701
29073
48924
47260
46208
25253
52080
33862
28158
56492
12532
49932
51564
48050
50282
24211
19233
49291
25610
49453
27764
9272
50123
64465
47414
23667
47098
61385
6918
1290
31994
28030
21286
14330
11582
47695
14567
48684
41813
30231
32583
34536
13710
37867
9694
36977
65313
25167
21087
4058
31653
31420
18381
53437
48033
62606
44450
48086
55774
63198
62514
59473
33627
46439
28379
57757
3861
12799
14560
20878
37484
52827
38998
40940
61668
15632
540
21971
10516
22010
7145
28026
64689
11812
57121
18227
29806
11277
53564
51466
40304
35208
54170
26277
32560
29073
20918
61853
55944
50132
27605
34196
34136
39239
19122
14449
39715
15934
9022
25819
7987
52625
63260
54049
36392
33394
33400
14729
64521
57382
25507
54975
48779
6689
39956
16888
27930
32571
40992
43775
39760
15155
13394
50959
54253
51226
64991
30502
16480
62003
18907
53789
51730
38328
47478
5434
26589
41700
11714
25462
9814
33902
39259
7492
25848
6673
46385
64973
14189
13605
19636
29261
38700
37541
21582
8550
50650
4047
38919
41520
47402
3805
27491
10735
21493
62794
43567
10129
13273
19510
49896
9475
56691
35102
9494
26033
1670
61259
7168
34773
27362
27270
45203
43747
10611
2300
58205
18789
55928
22966
35661
29653
14569
34181
60411
25857
29834
29101
65205
61633
61356
60007
54722
44345
31797
21749
58428
33439
25140
42453
59241
56911
43488
30501
25954
26741
15700
29807
42279
9986
53461
14920
3991
65381
23813
36690
62248
21822
4170
53482
26469
63748
28780
22962
65072
20595
50438
56884
16578
47245
36217
10734
7291
20256
42355
56924
7420
115
17777
29157
51302
53919
23103
43884
56260
30230
29584
27701
19340
37014
23152
38567
59233
15201
47498
46878
49150
41479
26643
16281
4698
37732
60073
38303
6409
56591
31852
13160
48682
49741
64324
17176
24599
4224
46587
24359
51671
31516
60049
4343
31185
12965
18926
30672
61929
2857
3565
41316
6929
19880
3552
38421
54826
47435
32576
51648
41040
33239
2705
6202
22428
60754
16794
36623
6208
21378
14937
55467
29937
33914
34851
7466
54344
18261
59968
60515
41642
49121
7931
64618
19002
36067
29681
39891
34727
21445
64927
31559
3346
53450
53774
46328
26265
32271
17805
43267
44083
50569
27004
24368
40629
39396
63028
22778
27176
40532
43714
32077
44109
5972
38029
499
34486
64753
4078
10203
21090
21613
64885
28722
14726
8313
49461
15568
15981
16650
41875
65147
59724
4843
55971
63815
62191
25863
16145
5394
37104
44236
24540
52648
15204
764
26828
18430
25353
61619
1795
55321
8881
52373
16446
52203
46663
30737
5718
1342
48097
61097
21878
31081
45531
32465
8430
24486
744
45690
48410
25990
38338
37421
1963
9403
38001
46530
13307
58582
56385
6415
35234
50853
33550
3463
23019
6783
2730
58627
31899
18570
5682
4327
37612
4641
44021
27716
58040
46844
12146
53321
20002
34571
48300
58438
54271
17861
12757
1819
58242
42480
61782
30821
45340
54670
34058
4051
33192
9075
53400
56129
55861
2129
52195
63742
54290
59877
42071
19962
45376
49891
16483
38342
45653
30989
12516
3388
41372
47451
58983
57269
4825
40096
7702
55772
63740
50635
59971
58219
56114
61494
23540
20009
6090
26393
53211
25004
64366
63012
24415
23225
16330
12567
12899
57412
5978
43132
47257
27325
18424
6431
13852
30719
40474
18817
3624
24720
31863
59185
43759
64316
27616
10398
53422
30773
56677
13254
20382
60896
23687
59606
63412
27345
30917
46680
62097
46424
7447
22036
59279
10527
52895
36789
27992
16536
37781
61501
33138
63935
19827
20150
17522
45671
5329
11581
15797
34953
46674
49636
52246
14653
54484
43439
53532
8976
60184
29291
43476
25560
44722
56198
33544
64088
42429
6963
53376
28472
32921
53216
40777
45633
16671
51096
62317
25716
38001
38362
29356
62796
5981
64428
21110
43367
8304
49238
46964
63782
45518
36716
21403
29747
10948
58681
49544
18904
23746
8095
38304
28459
31286
38351
45547
13626
48232
61747
30547
49661
22622
62672
62011
47694
1406
5222
26214
1133
47149
4106
27255
33331
60082
11034
47041
46495
10361
4583
65446
727
8661
59305
8253
65385
3922
55927
16167
12484
1195
21285
35501
3064
32086
2990
18731
56152
19080
2792
25420
53949
27903
45328
57806
4668
63135
20364
30639
5141
39742
53103
3245
33491
59907
20029
41467
10757
64358
46979
4074
26805
49097
2912
64751
9505
25240
62319
11355
56228
38923
44042
6559
50303
12734
14162
52957
43677
22781
23944
3856
17796
5927
51960
39779
13390
51832
64216
2854
61315
291
28495
16582
9303
3651
8271
30917
43388
63198
32114
17111
58436
575
18108
62844
18783
19047
42445
49399
7226
25427
48385
13059
43806
65283
54340
55672
63434
5241
15563
52448
40292
43405
46400
62518
2451
38547
50089
10707
49443
14612
55489
43961
4988
10780
51878
64176
21547
50879
37235
27769
29961
64314
17053
26935
43026
54450
50541
37698
49125
43731
21252
6071
7486
51513
55444
7921
15872
4403
62549
64461
26431
17227
51771
7493
19500
47683
32744
24835
6116
47704
34660
60610
12175
35146
32604
42890
8870
23114
65497
41500
22134
12487
50682
61684
20903
26372
35087
15485
44326
32296
3169
12098
5285
3459
52581
64535
38765
62157
50329
26859
61710
63402
9467
31798
61448
54484
42219
44039
11149
64312
61042
48741
37415
41572
34170
38640
9160
31328
5524
19288
31765
42897
37765
48148
61754
41658
31420
39724
27792
4342
34436
57551
3673
29482
11629
65013
47786
20777
5516
45318
63672
25205
13486
45200
38924
59200
4410
29234
47270
32797
41018
18799
30435
57402
44649
61502
11402
13201
53978
15704
48573
47724
13869
695
11228
42657
5271
2993
36894
30739
28340
11018
47740
41207
1127
22722
11878
13832
24740
57948
61239
24650
13128
6790
42372
5952
20263
48099
36625
15654
2902
45784
2575
13271
54610
57257
54165
12909
43928
1531
6379
40909
62850
41309
53219
51684
33808
21667
14578
53831
26418
54968
37098
4674
48740
1525
3111
63377
22105
16263
32950
18814
5749
47825
20643
20356
33733
446
43307
9540
4186
11379
55986
23734
45206
30538
21281
4907
45740
1
38845
61943
62934
16236
25168
52222
27737
26388
22960
58311
2250
35281
1248
48567
50167
53771
44966
33547
15053
30526
9379
34288
50401
46136
26760
29636
47251
4193
13945
63504
49874
24100
55940
59883
35147
36136
50295
341
48316
40190
1186
7885
22257
46213
3068
19273
60327
35249
47869
59011
22940
7048
26804
59167
2180
23297
41344
28146
43705
37584
47941
48468
13245
33335
1107
27579
63923
43775
10778
43512
1928
38750
51204
17145
63168
16426
51228
8520
22688
58922
25361
42539
28221
35726
10886
2132
64106
5032
19423
54995
47952
57441
26989
6020
61091
32447
52872
28508
60584
35793
59329
55873
9603
52649
36026
27184
27172
23573
47405
15799
41215
26445
8140
26683
53084
53104
7344
4149
26228
24512
14301
4212
22804
30852
13285
37113
1346
36093
7532
58827
20165
10713
50818
38145
28910
6433
49548
15565
31757
41454
24251
57953
48503
39266
44921
23455
21461
62350
9340
12454
63904
55383
62748
24550
5716
22371
19766
2881
25561
40496
1335
51154
23436
38471
44487
38518
2375
29636
10727
22462
42022
63624
6549
17670
40636
1822
43682
25261
40691
9356
39688
33599
210
431
46555
26883
38754
43802
7443
59595
62288
12993
42198
42789
32063
21970
52633
49344
9925
39116
55820
59309
50279
22973
33552
41619
33709
12080
26599
43789
11086
27447
49757
62298
19177
41710
6911
35688
58755
43557
33706
57742
5055
6875
36034
51286
25473
42693
3246
56150
20141
32752
21434
31843
34273
27460
44640
42001
18460
2473
52934
42589
2130
18217
6777
49270
57723
11876
57001
17959
55642
1678
57734
52695
48587
40998
12737
54595
22541
34798
13928
6914
50691
29057
46766
39130
43187
16268
51316
32934
50254
29067
30174
62399
24443
65260
62417
36478
41162
60932
10521
54062
59544
26023
2096
14298
5673
5920
24903
1917
59044
22723
37307
6706
14267
461
45268
18691
41989
41155
62696
35417
12137
26285
23331
13952
6158
55734
23037
53700
52627
27417
15350
6040
47538
62116
26221
57455
62855
16196
39761
44070
61810
50429
17214
62763
9330
58890
54017
44915
49009
38348
64406
7652
56095
570
37182
62936
41405
48983
48615
62323
7441
4414
60341
49395
16961
51673
36278
43400
51040
41634
38777
63973
21610
31936
23597
44981
40316
44743
19103
32696
46846
8550
13822
62846
56669
30294
2846
65121
3363
54651
59903
50991
5386
38374
26716
34562
24727
55705
59857
59833
29765
41119
6701
19594
18140
62039
32237
14519
45060
23273
44251
14868
53906
57543
8190
32732
22268
27233
969
6625
18196
41394
27850
6917
57318
33456
3586
15552
56266
63326
6582
5740
48997
38313
52375
23842
42393
12469
17216
7161
19318
16693
44942
48410
48378
26641
1613
24840
12158
42921
6907
63611
59578
2028
13488
30548
6779
21165
8251
34435
41202
3207
26926
48438
42678
29391
26918
19443
46781
32431
46710
35415
10511
973
38369
4386
17299
36695
28034
49521
7674
12954
24878
63743
1792
47407
41670
9702
40804
46588
42592
19398
63678
1978
36688
31771
725
46272
4116
15054
52418
37657
59285
1835
49883
31948
32174
36608
27373
42649
45404
62322
5801
46176
30293
64759
35217
30144
44724
58376
31014
52442
50106
61999
41793
63503
47024
59255
27859
56489
13627
38725
18163
47450
60022
29913
61837
17379
2203
23524
65478
18457
40279
15788
8542
37551
25266
21242
13077
4098
27037
29959
56208
27470
16539
18335
10000
12318
15957
43091
15980
19054
8923
38647
43298
47242
34845
62585
3503
58072
40491
15410
22567
43331
29332
19391
53413
63358
19286
38426
28447
3065
34929
17922
51677
49326
11651
42631
1024
55388
49114
46861
29086
12461
33037
32597
65014
52745
38243
32913
11438
58523
53053
15555
40410
36019
16115
51394
55480
49118
44354
2311
34037
34974
6341
60121
8319
17743
46139
59891
118
64282
32466
35330
34298
18017
58884
40497
3911
9802
21793
23809
7
25682
7773
13375
56828
38016
31389
23827
51260
25327
61532
53350
9924
30194
7754
35218
37831
46526
19292
60267
58610
42332
29729
37363
15818
34831
64505
35001
9969
27503
31968
3436
10257
32195
64936
22765
11342
5199
8068
2166
15325
62087
63879
21639
6513
27001
12737
52231
43261
58678
64419
17216
11456
57727
57766
35988
41213
45774
35017
16753
45611
59582
40907
64353
55157
38560
19813
34402
33544
20754
24202
1123
42020
34818
7545
8732
15803
40673
59378
34444
47405
61898
28746
62817
17712
31190
11195
777
61675
38612
9977
5133
33485
64411
16978
13573
12439
11085
37763
16250
18494
65107
37904
26999
4166
53428
26705
53562
56190
60479
27422
36162
31871
15162
50397
14968
45898
3199
42896
32100
45248
54650
40638
56949
12592
36886
2588
36630
56024
20532
5405
16278
55695
6985
49128
24788
17701
50024
64538
56129
9909
9017
39915
55988
57762
54112
42576
54746
41093
59777
22740
40436
5394
63100
5414
19695
11349
64240
25986
43699
50449
43049
6403
49712
15243
13490
52689
61374
40897
56975
31995
29482
10097
23432
27879
38764
14139
9343
5134
34328
45174
56783
39344
54605
33647
7144
49244
59649
63693
38766
5506
59016
15755
18330
40788
1882
27959
16520
42222
29169
18528
59970
26086
3755
4614
24323
64258
44981
53644
16829
11148
6628
49260
55197
48559
12403
12161
18989
51954
25615
36143
39728
29372
36006
57948
19898
29406
1657
43487
16618
27962
58592
13865
58848
42756
14531
36042
17083
27006
18584
36975
1598
37247
35485
11185
43659
33860
50010
7598
37921
56380
59694
28139
30661
49353
16875
37229
15521
54903
50919
53689
31679
63554
32842
22731
4328
30209
52755
39129
1601
63865
55774
41139
1562
28011
47819
62471
59066
41825
1437
4099
50424
10465
30162
18724
19221
46714
27553
62645
7765
64173
31443
58803
60006
63248
42336
790
14049
43228
55658
18923
38400
15663
15822
8434
47451
34313
15320
6466
39490
23920
8552
43720
38971
43429
63236
28700
18761
27710
14608
64295
38998
52543
10418
18311
38684
56941
20136
45265
43107
36495
14539
45241
45359
25058
11970
4065
22180
42601
43111
57735
10257
4708
34866
3903
62203
41217
15172
56923
10594
40101
37151
36946
22669
61642
22122
59981
59321
4754
50363
18413
31938
46439
62659
24926
42446
62464
39842
21223
28794
39782
9557
35433
11924
39763
62465
4553
19801
10690
33429
38103
26098
40936
47231
37739
5682
24873
24807
19648
63741
58912
31450
31444
21248
8558
54973
28593
29014
1781
32435
16365
4226
33299
57654
38930
34560
10146
12347
19129
27199
62662
21543
57415
64753
49531
52523
28910
34383
54512
1021
35346
42690
10102
46015
37419
1967
43367
1577
47447
47571
23850
35100
59626
52382
63586
16438
55795
19279
48401
18421
4814
41656
60497
44861
62941
21942
47001
38991
45548
55080
31623
4519
27451
38507
17539
56772
21722
44384
23708
10854
251
15535
64673
46888
4147
29352
9999
56154
4784
21454
50061
5795
35100
35816
5995
5079
36293
48738
28341
56715
58072
45655
6261
3692
36484
63757
39755
58103
54674
33911
16822
23532
64830
59661
13805
63793
42930
26518
40698
29152
46926
768
57341
42761
30906
59348
17704
62795
8450
21603
59583
63015
58471
45936
6356
51888
3340
47768
14720
30223
52715
22906
25004
10078
63315
31659
9605
59115
39127
46743
61976
60113
10330
44473
8670
30532
48768
13941
42668
7989
50784
58442
37555
14885
38405
22750
4
60082
35554
29438
51594
48936
64776
42569
46741
31543
53390
40673
19486
60768
33468
39613
24407
38361
11628
32951
27724
7895
5404
43922
43867
48110
23745
2076
148
52275
9756
38593
27864
43909
700
45151
10507
51647
41768
51599
13261
15942
986
7352
42735
59272
45662
61441
21157
49925
8003
26800
19782
20132
12594
59128
36155
3647
61805
35018
11289
32756
55067
57449
22855
40121
34050
42329
30840
45946
22998
64911
29769
49710
39279
39315
34133
60502
47390
64869
45650
52686
41901
9987
20567
11577
43947
28915
22795
1757
46129
14653
63467
37128
11273
26949
45230
58718
36739
59870
26101
29817
25131
44956
44202
12229
61253
49512
55993
20448
55101
43255
17088
23545
6809
21299
36522
5909
64435
5430
27178
34414
24744
12703
33253
35033
21126
26380
48769
62143
12593
58635
50349
50327
23084
5542
27851
59342
13605
15636
4018
52929
25789
29202
55677
43882
13706
53483
27959
40632
57578
35377
27247
37880
12571
41530
44588
48565
62465
37270
10590
12980
37060
20239
18575
62185
6368
20742
60651
63416
42219
10630
64817
54941
61072
10117
32487
37140
62244
46315
37616
44223
16518
34980
14523
12092
36191
28722
59696
40037
56832
28403
17457
38332
5402
53790
43003
62671
50728
14732
28436
43319
36938
35294
50387
63002
48428
8090
52388
60695
34859
32632
54333
15610
4399
21359
28218
47551
51041
55266
10904
210
33094
22871
56006
42546
39843
31163
42243
30354
2168
1976
35106
15541
61092
59375
36718
6087
8844
47449
41786
42473
25843
61639
24845
32888
48199
14841
44899
24081
56368
53129
6317
39931
16784
25392
29345
1519
65075
49985
57219
62227
44204
52975
17175
63944
47758
28146
64625
61897
42283
14559
17248
60592
16219
21853
33712
5557
62133
60378
15655
58681
53744
50106
43268
53171
46165
38745
31131
37462
47349
15385
63003
44555
4692
50601
24279
63277
47002
25557
33287
53251
32275
43800
50191
16500
58174
16340
7158
42745
51692
17741
45309
20953
39331
14126
9402
54678
8237
15324
25098
15516
52851
45506
63823
35653
832
43363
61543
55815
53841
34399
8859
15812
62419
53018
38463
53938
40608
36952
7345
52375
4376
51701
2694
42923
37434
25312
33761
1370
47785
61294
915
61850
51721
27028
15555
44943
42690
63193
424
33778
98
17033
12657
27820
39348
56000
37376
44372
29217
13650
60851
57175
40489
33758
61393
55987
7481
2865
13160
10872
27997
61351
51590
35996
58391
33602
48598
38237
49973
34506
10338
10294
7508
34401
57358
23758
24264
196
2268
47996
3512
733
46353
22300
63784
26791
57810
52261
65114
33662
40578
61646
28161
46744
47294
28240
28794
20948
62260
56580
32542
5376
40449
37090
24537
7921
10943
45571
45568
40479
16413
27860
33716
57754
1294
36425
26627
27227
8037
22985
36718
63616
39794
27225
26265
55211
51011
16050
36527
40981
20970
32712
17218
37401
9300
59871
27607
21310
30796
55653
9100
10842
6626
14648
3688
42919
17488
45293
20718
37820
22289
50758
47265
38644
47587
21621
10280
24169
38773
65472
57723
42610
58815
29195
42579
64753
8064
58979
29453
14922
64294
48241
3775
3924
41615
36306
51194
50200
30861
17730
51232
2643
41429
40469
1308
48106
20453
17678
39808
17677
65173
50323
26143
4412
10438
13128
43435
54376
48699
63268
21669
22457
36850
47226
10073
10383
64561
46584
36698
234
56139
40009
35112
50351
50088
60297
35941
5898
17414
58738
58616
5800
46801
60854
14842
63339
6545
61956
28811
52910
29456
20619
8642
39496
65263
30595
41647
12502
42045
54233
56485
12824
53246
26733
6982
18680
62693
44766
16471
28496
16794
7255
35488
17903
6652
26593
36111
22862
55834
9029
26482
52109
47960
38955
10307
27018
11927
44842
56516
41149
15104
18934
27476
43907
11170
32054
6319
33556
42673
16809
62735
13301
24757
55544
47394
43241
58996
4599
44022
25384
21913
457
55936
2157
37456
64270
61919
1054
39492
53956
7839
54467
7290
43082
41043
65145
25812
37625
23804
38030
37189
23275
63389
13584
15351
7256
14466
30785
12296
31260
34516
62751
40349
2854
35676
35603
7156
7123
38221
55884
53514
23972
22942
20356
10859
5762
55949
14273
16393
2965
50646
37566
22897
21979
32342
22026
7793
61236
59106
7506
15479
64397
3727
24870
45099
42178
30342
29543
26302
41690
53218
55925
23392
35898
20745
8530
50878
33609
17882
3926
44449
41627
59687
24842
50789
3250
21022
63359
5462
32753
62438
17638
27598
30381
23831
11983
50859
2527
13996
49940
48953
11894
20298
50145
31510
61936
29481
50017
49691
50695
58647
32200
59220
49733
58828
12278
29463
27669
36093
63813
58725
58867
53516
53397
21069
8634
45805
9157
38678
54402
5210
36878
12451
15935
40613
6395
12675
44978
55149
26659
17332
27801
25831
4960
29629
44528
64755
38760
10801
14525
63131
15775
60235
46279
19341
20969
4742
35327
22118
62567
64094
7756
43508
29402
13036
10372
58629
50849
46386
16038
49662
8206
30162
60884
7563
53154
17696
43594
17233
5629
33097
7039
15981
60238
58722
45058
42233
25292
22904
59072
61423
56245
65262
21904
23969
60869
40488
5876
51511
38258
32711
24271
1901
15804
62555
8132
42777
6063
6633
35481
19805
29121
46548
54366
24858
20006
34325
16292
21144
1842
49394
40193
61794
51982
19222
54019
7280
33739
63487
57945
7724
43551
58706
63556
38428
4728
2926
57922
50041
3369
25413
32015
24436
61494
11482
14954
38576
56085
28817
48991
58531
42973
54557
62313
21452
50071
44632
42629
43408
48103
11364
7678
16840
52434
17284
21287
45450
38260
43206
44710
1214
23719
60547
33387
12941
35252
53267
35924
10644
30324
12577
4379
2220
61147
21943
16912
22750
15190
63970
7315
48335
48704
53228
36125
10208
49608
58493
7922
43423
23835
11319
36460
28080
63574
35464
64777
10865
1850
51894
23900
30142
6872
47934
27952
50017
4437
13448
31809
23237
23204
18367
9347
2602
34393
11069
10062
45671
30585
39639
19059
34891
9367
64753
12549
30515
58857
29513
11969
30574
5224
44018
47323
21579
53858
33531
29756
23362
14846
48457
65174
21040
18404
15530
53670
65371
53660
54896
45852
25046
132
49549
19226
27813
52830
24045
1349
21957
15646
25971
16503
47535
64102
47482
24476
60764
62874
62901
11938
8655
6534
3047
60442
42174
47458
33162
55233
56634
18002
12203
38765
18228
1589
62824
42910
39237
53305
20366
37642
22814
7771
55985
8410
1145
23305
24083
29617
49169
126
6768
61256
16536
12419
27369
433
57707
40611
61965
19027
21010
52021
12478
12719
37919
3426
23290
49616
14459
60735
44628
62
36052
49511
56768
65082
34380
3691
42729
22847
44667
30052
47573
9377
45814
30732
5667
57290
1768
27618
9107
36295
9513
12
3866
14273
58361
38643
44986
13448
17314
37278
63150
12794
35126
20162
13557
21778
45598
13173
41673
30894
64387
57725
63409
47124
3177
61167
32952
43610
46922
23234
21552
27194
64101
35376
17645
40623
43172
28378
1961
8797
65046
39285
4725
36047
32090
18842
52313
1408
31955
61623
8575
638
43206
3507
56299
14315
17819
21142
25942
11019
22287
1838
36110
31607
2018
52059
55955
57788
26562
40106
29997
18899
52464
41677
7094
26367
64497
28924
52411
30889
47633
40881
58410
38566
14561
40372
43175
14843
28167
56815
12045
35036
53782
43125
38389
57193
55850
56036
51243
25139
37115
37544
52841
9363
26857
31686
55757
27440
59449
52120
34677
2300
10016
22268
45273
60417
1416
3560
3971
63790
52399
13639
1207
64678
57319
20977
33941
56143
46370
23793
52460
28631
38509
9816
5816
24888
21120
7391
29299
31458
26216
16406
1503
42806
27031
10844
55844
11541
38315
9623
59132
53703
47827
38764
1841
6215
48249
9064
48683
34162
61656
26527
61243
13076
8970
49219
2017
63043
12907
10597
27403
48313
9637
29873
15354
2737
60923
16548
24085
41418
24269
29354
57424
8824
61423
23007
51322
52050
48395
24531
24269
9422
8069
43704
424
39421
11944
62470
31257
61666
11197
41468
57698
34666
850
12358
56995
57211
8616
58105
64505
13419
35873
61023
15156
15671
45612
21853
19568
41652
47479
47547
42622
48409
29502
12818
28609
51495
56470
23228
28754
18223
62587
59498
23719
57144
13799
63096
25382
20724
56336
38112
23632
44128
35009
43441
46899
53470
3705
43085
51674
50293
45340
5830
26517
62652
13249
11206
16338
44294
29620
24865
44211
50854
52181
27822
24674
51255
57405
11439
19297
12045
27485
58878
41023
58984
44751
14420
34155
6205
38825
41175
56370
24055
52986
42978
61256
10475
51033
17897
45429
59205
16408
63715
57018
19420
21040
34998
37598
26448
42579
41934
52135
61403
12630
29017
61080
35605
34835
915
33233
42101
7976
29557
53332
40969
15528
7133
48162
34150
55315
13120
40799
48149
24588
47728
2774
23948
3349
61780
60517
21215
10295
64114
55136
33745
62993
61296
19424
41307
17629
59571
35997
43735
20243
38030
22212
23691
9155
29116
39417
17393
35436
51724
20257
18472
8892
23600
19718
53522
48659
20634
740
33979
16559
44501
11619
59203
36928
7777
54324
10559
41089
26221
27773
29935
56852
53801
19575
18065
45383
39405
25906
29133
5520
34998
59355
49355
5405
44153
59763
9089
8868
25420
13708
25300
31553
15300
43579
40403
25233
41052
27693
54562
209
31592
47688
56874
27248
36429
12427
4624
52255
539
20528
18329
28064
2068
60684
25848
18114
42457
11812
64061
18106
36831
23373
23250
55939
36651
43556
42954
17751
12673
63806
63825
11177
23899
43283
6460
45991
36259
28398
42022
10078
44011
48101
35790
12552
223
43473
4426
40219
29984
24289
26897
6445
22041
52060
18434
8681
38795
47129
60068
15647
45483
20454
54225
54501
23783
24604
25089
49734
50087
26522
21310
26081
45518
41347
21603
14705
36609
13308
49431
31466
63025
12367
47337
24528
3649
21311
59546
63157
37188
8849
19307
11109
26898
49280
7526
49015
55284
30936
10849
30784
6469
55494
49497
35864
2539
1361
17469
26643
41957
28022
23500
29762
36515
26225
36623
2485
5586
24431
60614
25508
56503
60938
20213
3601
36257
32262
26432
29469
21252
32565
14671
12166
52969
52173
64357
40530
10684
57678
8878
33108
41217
26278
26099
51558
45815
48904
16006
7447
50563
60729
26232
37736
60224
20137
32435
10208
41393
38611
61658
44369
62124
64753
19040
61996
54247
1871
51113
20082
40368
59930
62443
542
60086
63734
55160
23365
48355
26994
48431
63314
20125
41050
18438
9912
58075
64873
24344
6480
24305
36166
59009
39912
8734
42788
2057
40268
3271
8739
11319
7610
29512
43900
15965
50743
46210
13006
32442
52396
4520
43242
13381
8887
47871
42155
46283
7808
31208
5884
5474
32417
32867
23599
52153
51122
12868
46295
8406
9016
43707
36093
12254
49623
62295
5462
39556
52920
43736
33314
1219
32039
18524
16311
17516
44539
2246
16765
10936
51487
52102
43695
20550
43234
39941
20337
16392
58579
37856
16890
38443
8113
59548
47193
59261
54994
273
52761
11256
65017
3536
50002
48739
6103
23670
41813
31734
8845
63833
58911
35525
33208
60152
11509
59675
64784
44188
31065
6097
15479
19733
21209
12964
16392
54236
62385
24827
20335
21532
64915
221
24318
51234
3839
22047
18232
22673
47545
18941
45087
34463
47968
52149
1664
41139
58922
45905
64944
43648
63181
5819
9059
551
22772
30225
9485
40955
50607
13542
34494
54544
54839
63724
14667
24973
45283
42150
63612
37416
38026
45290
39313
18592
53864
2463
33914
55907
61526
49940
21644
42481
43662
36972
34795
23205
58001
43405
24051
57459
17607
59635
61787
5694
52723
45527
21272
3707
43655
44576
13851
62303
37237
57856
38950
61354
60513
63649
25588
45025
9904
18916
39802
53280
35017
1938
4498
45149
17646
34103
39247
6637
59420
20290
55192
23624
40693
34397
20682
2707
15945
11714
6693
55154
63674
21409
27077
22213
61593
19283
34350
24387
29061
22880
8906
59381
62794
8274
9553
47736
45342
9802
63709
44777
39082
9119
37952
28476
40787
60550
36622
6985
16174
3149
1047
55977
37523
15029
26595
45912
60550
5478
17500
26915
61225
38665
53241
26437
21988
34617
460
6518
42309
8968
39375
37757
20660
35537
24947
33021
22961
55652
63752
10249
1700
44280
35790
22492
12673
64422
50513
4707
23324
1406
62867
64888
1950
43462
21703
12355
253
17731
19123
4039
63923
31138
63845
31248
25412
10107
63915
4716
22972
11894
51582
51662
2885
40751
30621
892
64841
24173
25149
13022
44060
325
46140
7251
57826
14880
25092
27715
32483
46339
62811
7066
7753
31386
60918
40329
39754
41459
61645
31657
41127
38410
64248
41298
58302
40474
789
17326
63147
17371
56516
48528
28297
46594
30576
8301
24022
2517
51219
18875
20063
13813
49772
29442
23374
33194
48424
23116
43882
39375
10925
20401
55237
12183
45195
59165
50467
3716
29105
13538
569
56925
50762
50953
37538
24167
13387
30878
37921
27107
32262
63817
14594
37137
6531
60486
32734
12531
58040
51937
56742
39731
775
12066
59628
60783
9617
17582
19761
10770
1015
19697
22350
28397
37592
21425
1092
7320
38772
1351
64597
38551
30099
48187
28525
59870
54032
14223
54790
10302
17964
42685
7224
37992
9711
41374
21717
55928
49505
56168
788
62505
15467
32635
64224
9289
56965
30680
46477
36135
33262
31072
51012
52967
6731
52962
2773
2780
35896
12949
22845
39843
38574
26198
53614
9454
45145
50753
49387
28872
24425
31341
15900
62664
49716
44951
61164
43732
15527
57117
27820
35300
37676
6813
42311
64757
22392
30466
11927
6585
27942
53314
10185
28190
25923
4051
37763
17893
45628
8938
7690
56498
20019
31615
50839
7599
56896
32334
19886
53843
23497
49595
6624
44471
41494
34271
13808
17610
29831
44670
14334
59616
51463
9506
22104
17409
35658
45010
59897
42567
49356
54584
14916
36308
54907
26815
24961
61718
10243
58636
39865
61797
51097
17200
40398
57287
3853
7985
44445
53482
19298
5527
52428
47686
32260
47965
53014
39947
13126
10762
54681
39403
56641
39448
23818
25517
53691
35906
39845
43617
10373
12645
43397
2491
58601
47446
24611
56463
6311
23088
51791
64623
48198
56129
3811
36691
16355
45851
62113
31313
35835
62529
13207
5081
44049
37522
26439
28864
17587
11985
1328
54590
57542
58710
39812
34499
20643
23432
15508
53509
37191
7183
399
33701
56480
3913
27434
43623
63200
57265
41965
50403
35947
25201
62072
3033
25772
37673
26706
23868
16884
65448
54600
46453
28071
44457
37802
60846
46438
54943
33193
21594
22910
1627
58844
2436
34583
18298
28993
40107
34542
8769
22764
40504
45393
47172
26860
25351
9069
1450
10678
13362
58929
19049
23920
62797
32158
15507
18895
37835
32525
16469
18666
25488
39092
7283
191
10452
46915
56439
28693
20345
11492
37433
5863
36265
54585
21582
21125
6017
64972
38077
22351
51440
47954
43698
19761
9385
39595
8869
37770
54482
48227
33824
18562
39790
53769
16726
396
10196
47135
42024
23564
11271
20968
63693
60648
60219
14331
7556
57989
31479
59196
31840
40289
10114
9301
45806
12743
26228
15606
17787
38051
16258
33310
20870
49967
17104
56162
57965
40055
42966
55725
34894
62281
3382
2361
35282
17369
4555
49387
33963
54082
5530
7552
14539
32893
57027
53667
50442
22672
21121
8589
28151
161
64243
58056
4482
48266
43983
26617
22881
27548
34
46303
438
16631
12579
36586
30132
47442
1843
4768
52348
56069
51765
7403
7250
4607
41939
48576
52571
41643
14916
2945
25899
62191
58738
58549
55885
63846
34861
2905
35952
41641
14627
26021
54152
23193
55150
22906
59631
9342
12096
3071
2214
14259
61222
5404
25159
26330
40892
22392
36381
47454
62941
59680
52109
18360
8970
34556
56595
49345
58442
12764
38479
41199
58052
17528
63352
690
7117
24915
26027
20096
5041
10178
38066
48660
24551
52332
65340
11064
30231
9823
10564
31659
58278
39037
22912
45068
64085
54057
13420
21065
20251
35805
22217
58464
62346
52585
24087
14227
63377
21845
24614
36191
58751
2158
42404
21602
15073
53212
42927
43608
15889
52321
44212
33754
15430
27242
21629
63325
35127
2942
22456
43739
36688
5169
37468
32705
5874
62578
6881
49268
12621
25197
4557
35936
5176
36925
36568
19182
490
65066
60735
39340
25983
56986
63897
24147
40095
43955
2794
17273
31516
15214
6918
20938
10152
58979
24513
20116
64859
3362
61998
36235
3240
33870
30929
21244
46137
52724
23068
32057
38892
33968
11872
48973
23035
57020
6557
4246
63739
31803
26687
32961
5146
53753
43391
7839
39185
55887
5428
46492
58511
43562
28395
17172
24224
18913
39916
33288
56057
36097
24610
54516
65285
65029
20318
38715
35813
23300
2305
43632
38144
16259
37671
38825
5393
48914
26455
43540
42035
39484
18171
65074
11220
55706
58703
59741
9802
42085
24143
39739
23659
54482
62118
52907
44134
11717
31819
58518
12359
29785
63645
10194
38837
1241
60130
52412
44817
1263
43827
50967
52544
1416
20440
14387
2044
7126
59044
9096
10675
14878
44886
60193
40561
30261
61291
41847
5831
48486
60220
58966
19156
58455
34793
48840
31392
32956
5480
46693
38512
42311
7590
22117
52983
1914
46308
1674
7110
31830
25644
39907
60691
19868
8389
55084
17013
33943
14521
8468
5409
396
55326
13339
37620
36252
33925
7082
9689
26810
5276
7413
35007
64434
28529
43045
21528
45387
35002
50841
18803
52203
19972
62513
8377
12109
46145
63179
37827
40315
55689
65228
5296
39580
39658
55800
303
56520
8849
42255
33444
46818
60628
14807
1669
64110
24926
44466
22916
10618
31828
2130
24235
35958
26689
26426
51278
14213
20111
11923
58796
25801
51525
63670
2096
878
31099
30208
62887
60225
24539
10266
18525
46932
60858
39478
13220
22686
527
37598
31529
33941
49524
47084
806
32062
53789
57101
34091
64162
57262
28803
30319
33091
14502
56484
19512
36373
27720
46369
11981
20456
23371
12538
10139
59936
1808
60831
34954
65419
35730
11016
61286
6996
65175
58288
21723
31659
19905
60399
6838
58988
28023
22035
26970
28686
65162
21614
49785
3998
1435
48252
16088
13350
44450
21684
11154
50888
21178
2381
42872
63874
14831
31363
62736
16103
40932
61455
8089
57827
35733
11416
49127
54871
7377
27102
4586
44397
51162
849
9048
28803
22792
38837
55713
44359
62446
35939
21986
27153
27230
53719
35396
43249
48013
43767
15681
59201
3647
25271
37025
44045
5028
57052
23786
17978
14353
13394
17744
28446
22927
22833
18978
37144
36898
50025
58352
55903
26528
63204
6443
33232
51588
55296
26470
18922
42655
38117
57128
11236
7885
58327
16422
20308
28281
1321
28428
35951
2543
22381
57878
39740
61569
39547
44933
6113
32641
26547
41048
42436
41773
20670
40384
23188
53271
61378
13039
5650
45199
8771
65224
61443
49750
57135
55026
22882
25462
37754
30555
44821
57430
58007
7858
23444
53863
3728
46336
30912
52874
31739
5267
40962
34995
36954
9503
25221
5852
19747
53465
17994
58714
35946
37377
14394
23452
45314
40006
59288
1595
34899
24606
55752
46359
17092
27191
49088
42990
57044
55077
63538
36092
21566
49418
52432
36456
47314
4253
31679
57421
54342
41648
28404
259
61550
16928
41175
26393
59980
12915
59973
23285
2833
14565
64337
37336
59031
7290
32142
5142
60647
18475
31680
57014
4419
14164
63283
18493
50863
45275
59702
25766
51721
14505
28047
38127
3200
38452
23958
26077
31998
25565
12254
57145
34027
15498
30144
31546
1622
29401
2518
48053
9543
54983
18473
40395
18368
21717
9786
13515
4238
56060
27065
50310
26485
12864
61097
36786
63547
13048
5771
56499
64623
25463
20225
3790
56266
55251
30742
34
38185
44875
56381
60437
39724
28634
18353
11420
54792
9837
20939
40104
62107
57454
46462
57402
52603
38073
4170
2023
41076
48786
1603
48262
65275
3631
32172
52371
15275
12989
20153
13140
618
3846
9982
54576
48142
19255
57786
51592
60092
64711
17707
14856
22470
14815
60332
48757
25795
58804
32670
12885
17341
43817
47381
20915
50987
59439
12549
41817
24394
60548
10548
58875
10074
24174
57393
51163
3426
65044
44663
63293
59090
23534
51209
52420
11419
26011
40304
27751
37759
1934
59627
55253
59021
1120
46866
51137
48343
5574
39482
17919
7562
3743
38078
12072
12644
6981
44291
44778
27361
61459
13162
29092
50076
59680
25293
31320
40353
56855
59461
25627
54376
22713
41909
55545
21074
9577
30083
17859
8232
60703
40917
28800
3327
60029
18649
32343
58774
6533
42145
3991
19603
15264
36540
30394
3720
38954
12258
22755
9867
29486
38234
97
25469
50342
58000
21957
24478
4369
61827
27765
8331
27085
8829
13166
25688
61677
24707
46251
58621
52271
56118
35441
32647
38384
56717
14214
56796
42202
26322
33782
6
14524
35806
20684
13432
14844
42233
54706
1644
45477
43149
25286
47961
52999
15517
58067
21810
51731
46267
60597
34087
1249
732
25023
58397
61403
26086
13495
37159
41043
20124
62040
5931
10215
55303
21874
64315
43567
51123
17423
11038
43729
28142
29685
8435
50135
28313
5192
7773
42459
32430
17442
2012
6796
11828
62947
54644
36031
42288
6180
54498
16213
20794
36
61557
11862
39960
14004
65209
7716
3358
15552
14531
18241
27706
35125
13710
7057
33203
31031
24540
28776
10417
15015
55874
11042
11516
29468
42965
13281
23819
42866
25006
10076
55821
60745
20022
14066
10291
25623
55673
7715
22254
26699
40579
16715
39776
1180
32366
11261
39295
42808
44802
41778
43871
45225
4250
47712
37221
53774
32917
39898
6621
26886
28540
38025
13891
39261
60422
33127
21178
8011
39221
21204
64386
24415
28907
55875
31030
51234
36321
21798
32478
6036
48539
47468
16495
57682
43041
15626
59561
17224
10708
12983
29460
46596
44782
46452
6
40202
42516
33815
61729
8092
48173
39756
14933
39409
56599
25906
36957
57998
22633
63512
52598
29913
35305
43747
28657
44781
15645
57392
26650
47288
28499
64283
38983
18046
20129
64751
8435
32598
278
33251
38276
19227
11343
64053
22759
62815
15600
43776
14609
46675
32969
65353
18166
60349
39062
42014
60220
29950
49124
53499
51522
39670
31190
3074
11734
26479
1595
8299
64150
43720
64496
18791
43660
65378
30847
46872
39479
59936
1780
38824
50487
64049
230
2258
33660
39861
16172
32520
53769
43655
25984
44084
5983
56161
28796
9380
11087
29068
24708
7304
56387
35861
28427
27381
11120
48899
17704
36089
25396
6710
12913
41011
42469
14461
17785
27010
31263
16029
24033
41963
58222
35357
22507
9150
62620
40513
64717
50780
59016
46085
4623
51938
51253
37231
52941
2286
37129
47238
60800
17345
44564
12020
42630
5100
51605
42924
29692
32711
18444
8332
11418
63591
53172
57165
51193
40887
59486
36028
44541
50458
61975
31049
37645
8015
17194
15859
22707
28308
59086
44457
44652
56341
30912
56724
33871
57488
48738
57923
2301
59374
13941
27722
1527
12436
21755
2918
61469
32443
55282
65192
6982
10767
8902
55444
34601
53982
23814
28717
41718
38127
11968
47097
38612
43162
13710
35571
43629
57452
231
39411
58683
17512
41169
48156
37926
26098
17647
56599
27575
4762
52329
61012
58833
33162
18913
63884
48443
56020
48983
12042
31067
64716
1917
19032
58936
34129
62827
7955
27150
16227
42020
53701
61803
46027
15317
18472
36614
11846
43189
30292
50892
60229
39566
10260
50878
36254
36642
3105
33660
23163
50865
24204
58094
27962
44617
9087
30384
58031
62366
19132
9921
14321
49175
1930
2127
24764
21804
51932
17784
15600
30474
13148
27423
49503
48844
43160
22343
40901
39703
19812
49113
19061
25130
50812
18024
17115
14944
58182
58218
61842
5963
12186
13539
51224
51048
64391
65124
33310
61892
39077
60739
33637
64399
56966
31818
24433
4541
62032
61776
53339
26082
21381
49696
7064
50721
32645
51679
57226
34040
58074
43223
8626
2309
3017
55327
52571
48597
28534
58446
15640
35080
19522
59858
3045
16530
7924
28043
10411
61983
31728
45827
52154
35362
62192
1097
40296
47035
3897
55449
54751
50449
27735
27784
59120
32288
630
65510
63915
64714
5719
22715
7221
18974
58792
46828
39623
58358
1189
55589
15202
14627
30368
2138
31719
8521
36230
28136
42010
19910
55608
21335
29511
22884
47172
57352
31790
50561
18276
26417
50373
47276
25736
56510
4935
27979
40407
42350
15099
17804
63352
64806
62313
22175
23489
12629
64671
8732
55575
2906
36787
39880
15025
48765
33108
40069
5674
45837
16457
49810
44420
16596
51146
65386
38037
59697
44139
56275
40967
15009
51491
25994
52107
24854
28990
8264
26975
58704
23423
64360
14023
19622
61145
58144
43043
33246
63942
3069
16165
1756
56873
25632
53929
49071
53104
10821
23425
58127
19530
25037
26771
37784
30688
17907
3384
20119
56993
29721
55804
17480
14974
29560
45011
22215
41384
27029
59560
42061
3031
48601
31582
61676
37047
61795
1665
36418
10016
59289
60410
6873
53128
46641
63498
58639
49984
53577
25032
41042
61889
42327
34422
2909
39348
11075
27653
36649
45398
23725
51773
27587
188
39233
49899
17212
19190
43107
44561
39969
42233
37416
35610
51056
12333
51058
50987
62339
15665
13445
32667
45922
7557
3518
50720
34440
14614
1470
21440
13564
58309
9207
12773
19119
11243
37255
13097
6999
59667
26144
32393
42722
44842
15636
348
59778
46317
37310
31250
29342
12491
26932
64436
45881
223
3661
11241
27425
15724
33793
23812
637
38492
30802
51820
12353
40255
10862
26751
46474
64714
28415
52106
62203
58067
61275
12553
39872
43993
17009
20604
27573
5666
2451
8997
51566
20713
14545
26028
18360
63730
60698
15923
29466
625
12987
53445
58349
39461
16142
16591
64396
23637
16726
55331
44380
19845
7841
16368
10280
60904
55856
39084
8206
20937
5379
273
4141
53853
60646
26515
4857
31693
44371
47333
40748
57585
63122
31955
58012
12770
42645
5688
12155
59419
49982
55403
30916
10786
7872
52770
3401
28597
21871
25135
63555
59764
54158
52784
4202
57740
33513
32633
39422
21851
2465
47211
14597
50360
49264
14383
25777
32227
26115
27670
18757
45049
18229
18546
50013
58393
62071
62706
8703
12448
43223
43527
14464
43303
24947
60921
912
13236
34399
26994
57406
22518
2157
37356
6964
10377
35568
62582
2447
52240
4871
33758
45035
8840
49988
58423
7861
3148
60109
59676
19162
57032
58058
21181
49505
39862
29295
23347
14684
56100
41831
15355
48998
6908
62310
22405
6004
1188
5742
54074
52440
65462
63736
51331
36598
7551
5132
14124
53244
50984
64324
42812
31520
6748
49193
11594
32122
11341
18224
44071
4577
3111
57842
26293
36582
13421
41659
41492
59056
41971
36388
21354
26199
44968
47386
13457
39791
9694
43383
50709
20815
64064
50091
62349
13585
12847
45472
62202
64967
2865
44484
2686
21452
43503
27192
51915
54380
53356
29772
29053
58690
54298
48117
37491
34960
56285
34685
65129
31338
18326
34958
63430
61871
26888
8438
55810
39596
13551
2701
42563
7995
20373
20619
2418
6989
61951
34055
33668
22921
16975
30497
13679
27248
47460
44390
5303
47740
21148
13058
51368
61470
59031
11491
746
58754
55286
547
28650
19047
35769
27917
14093
5611
9230
51061
37074
5385
20505
12037
42704
35547
36966
8725
17775
44633
55693
24513
61498
747
32312
41243
31746
30096
62749
47481
39856
23733
14575
63520
991
5175
1335
27492
50248
16665
27919
64387
7418
3019
47946
38476
37168
57494
12290
13900
40974
46958
64132
20168
53303
19675
38639
9696
41665
2657
59627
26
16862
28158
51586
14994
32408
58622
14352
25232
55759
54377
42100
2297
40995
12992
6316
18790
42510
54550
31334
32199
26474
52842
46957
29869
15010
58140
28364
25243
11089
34793
9188
44211
30027
59825
26609
27211
11286
22689
14072
18858
46727
15042
37280
57990
3147
57811
62440
62152
53046
9979
22765
10280
18934
9563
49762
9889
5128
55015
27678
62131
29245
36832
61501
1250
6497
57483
9123
19469
6233
20344
2171
4189
15279
24250
9134
23708
39850
53512
47325
46908
36802
52087
50702
19748
7212
16182
38558
54209
9569
3343
5325
4363
7374
550
41082
4865
11783
24870
47212
64939
3758
57267
29248
26341
60644
2562
29411
55775
39541
5200
64386
47009
50652
44713
46161
23518
17578
41984
29049
27021
27595
49079
21001
35632
11329
42611
1872
41589
65500
23512
34404
61891
43222
25684
52557
872
55182
3165
44621
24308
10991
36798
9984
63191
52650
59318
42448
12748
20524
25564
11679
13909
37238
23745
62734
51164
11883
53601
60421
27869
12018
10064
53967
37972
10487
52922
55227
32657
4415
12988
49593
12600
50432
2653
58381
26388
57909
32817
60856
63228
4726
39793
31857
58713
1346
13388
31338
56775
12158
63870
60697
52429
60878
62178
51234
11074
49188
34630
7386
6911
51733
57030
25955
36300
28659
24033
1767
8654
64833
48286
30360
14023
28894
12868
60778
37215
61314
41823
61784
2136
62224
41754
30002
45518
4506
62294
13322
55760
10646
54504
42607
17029
47921
47281
26620
55692
22402
11429
59258
37086
12146
44312
4041
61551
11177
52633
13050
49701
50089
11366
35207
21897
1167
43948
13203
31677
45857
54448
8157
16839
41151
33290
48343
14141
2246
58956
58226
39589
21330
30704
26007
14677
53506
57937
20419
38754
54509
36671
1777
24787
20644
63348
62742
14954
41471
37928
44262
64054
26017
19258
21129
24699
61543
49419
43103
10367
21373
29891
39004
18580
63687
9303
41203
6308
20260
27882
53322
10873
56018
42815
64454
21654
43685
44133
52216
53627
51716
49515
37104
12363
31484
52050
22265
35320
10759
20890
20313
41466
26042
41960
30174
11205
59052
15519
30189
19033
13248
54611
64947
20973
40658
41901
3570
62785
38197
21465
20288
33205
24935
63361
47246
9575
21397
8055
22499
22537
3034
15202
4438
65094
21187
21189
61594
64601
33273
25600
39005
48171
33180
31879
39975
49178
48416
5839
26247
64065
43871
26733
37426
18528
22661
5458
58719
37312
48976
17880
42504
16228
21863
51147
1019
16232
19745
59807
11206
26972
46649
27484
37690
3773
14837
56134
55243
31130
50543
2503
11064
64188
2060
49720
60311
63319
30412
32285
30005
12755
15811
14026
6466
19393
43771
33421
13368
2891
47230
10783
4879
49865
36376
4669
46545
63875
9818
43614
21309
55574
24024
21875
26795
5329
55324
13151
51676
48815
54093
57219
41208
42277
1702
13789
54800
19725
60394
35570
14802
38761
10968
17944
24360
31825
18188
26134
10976
22232
345
33244
57211
49586
42742
47200
41986
19953
40491
23132
15196
60130
2009
37012
61622
32583
24888
44464
5910
3331
59309
8412
54282
41205
5438
39017
4418
39834
46120
12487
39125
4816
47624
29289
3860
23720
4016
611
44160
5236
52295
16665
48113
3
22395
38183
26027
48171
5255
22197
52294
50813
57683
65277
26560
21932
11832
44244
6486
61792
405
19220
31988
62925
63115
39440
62185
29713
27528
54803
34965
56320
48549
21174
64873
12233
18104
40260
15432
40390
52796
1394
45182
47109
35596
6390
9497
63744
44060
38059
1666
9045
49121
64923
39766
32082
4443
200
19999
33821
19330
55270
53216
38547
39453
25591
47263
14203
65380
24096
20090
55371
37604
7298
65281
35654
31694
6929
14793
41171
46236
26529
45934
65391
6158
11671
61378
32646
12189
50391
55183
51203
9660
13599
1541
13906
30254
38944
58893
3059
42197
14548
21209
45530
20316
23379
64426
54429
37128
13845
14436
35441
31510
56719
20937
64534
27575
50346
48669
8005
39564
39910
36228
32104
34874
49912
34685
12027
12565
62672
35568
43257
49411
57667
44996
33523
63297
43123
10323
11830
17163
3230
6290
55848
36262
4257
35771
28012
50318
30861
60334
60777
9153
61671
30124
31478
39068
34507
26218
21304
48089
52290
968
804
37837
11276
36435
51932
21575
3488
14696
24252
34031
56160
53772
30731
10486
43022
56847
20397
593
32338
37864
27518
35642
18308
25946
49940
44197
13032
16758
28315
20799
9787
59730
50197
54692
31555
10517
37850
16793
33181
50584
41971
42330
35523
38835
30489
7137
1933
11523
6797
28889
2926
45806
18607
55369
37468
63463
50331
4873
56737
29825
62610
15967
15325
59841
3618
63162
18427
19521
60137
54300
56480
34981
23032
40343
24311
62210
2353
1592
46127
56080
46609
14690
16181
14700
63457
62434
36375
9521
37235
55844
22179
13308
12913
55975
64588
40519
12523
3463
30470
17857
49399
38090
1415
20708
25772
62216
62055
23957
27145
39797
62604
41777
32033
34933
40302
48824
7377
24268
62408
32091
35313
46976
15611
20272
48527
49429
10497
11698
20683
9905
57466
53537
13862
58261
52006
39475
52541
36525
40543
50657
32686
2534
30465
1755
21128
31432
59226
38579
27005
48194
54999
37444
26437
51562
49315
11502
15084
53277
863
15943
8828
42973
37417
13592
43542
38547
40252
23838
25653
1111
65299
18497
12368
41762
58606
2520
58295
48639
6851
26726
15637
10008
39200
9872
6431
21725
52479
13305
26824
54634
39002
20587
18330
23162
15588
19581
53651
24422
47361
44407
25808
41956
42931
39504
4999
20702
54893
62331
55308
53095
2507
11189
1500
53529
50331
61975
58161
10179
8703
6510
51517
47947
5654
11695
12157
3485
56032
56550
25449
55633
65047
5058
29579
62776
55160
17911
16751
11863
18821
35541
47092
12262
48442
25193
58634
34018
4613
27337
62418
16847
29613
45641
50228
56326
26548
44851
6173
40826
44035
2690
7474
35550
43282
27672
20259
31609
3736
38977
14911
37994
23439
21497
61283
49322
11821
30120
65114
23114
20969
36914
60442
26734
45008
64860
4886
16461
51272
7542
1144
32651
56660
19977
50852
16265
47484
57094
47060
22803
46301
59716
41838
63888
29096
61441
61432
37269
48078
26255
30103
28317
44589
9381
51615
40550
61061
14428
27399
46639
16374
20744
1814
61928
30589
59261
43749
32554
24641
15788
18362
39669
37435
25619
64329
20697
57637
8758
36248
28864
6934
35183
31942
42838
20695
29279
29567
29506
59083
39855
27153
36199
48011
35288
45903
11130
54660
44791
47868
18001
36509
42391
39404
6181
38622
64303
5591
5740
695
38732
41895
17072
40190
29969
47773
57213
38677
52446
15633
12199
53365
9387
4133
44170
13072
56077
50141
13969
50240
19153
52541
16101
1278
48432
24357
29706
6133
61003
52424
19179
61281
44444
29678
6838
18302
15615
20124
4131
6068
17284
47737
8955
20316
2910
44372
34403
63031
16996
21641
30550
34811
29886
30669
10825
56409
26387
5832
52190
11489
30328
685
57943
45503
19169
25983
41031
15263
18307
45583
742
645
56961
63084
37260
45144
47250
7896
46482
10787
55514
45546
59513
55983
29030
64704
25321
56934
59635
56117
18557
34553
41803
13049
57038
59211
55237
51870
15462
62224
39796
1204
5924
12213
28093
44482
29848
18685
50002
24033
11936
25896
9890
18955
38911
22757
30459
44226
37790
62507
60386
17265
5344
22713
51401
26300
59477
35193
58260
54699
51757
32338
12530
51677
56681
21136
208
17017
13672
30053
34362
26566
29227
63834
15825
17276
52594
47194
42827
39270
8876
19271
25606
22630
24617
53521
34291
28053
63332
64925
5374
56585
22022
11198
9863
29973
44142
52138
4120
33425
60674
33309
19115
20519
10745
43912
54351
39831
64399
43788
58087
57372
25591
28390
8276
26497
13851
50843
35768
13237
2378
40095
57680
6651
17712
38554
15874
25728
55738
31260
19300
4861
1831
8359
24495
37745
11647
46267
24766
10773
46580
6664
65106
23665
27231
45996
33171
40805
23921
26455
39064
27732
29071
37439
41163
57412
21065
6593
59144
9572
29183
56409
50649
34413
14133
53379
1388
3808
36268
15775
62327
16892
19774
30540
59796
41828
41623
17887
33685
9079
39936
24258
29785
25456
56078
33369
2371
27909
58246
2868
39060
56696
59467
38079
62661
24437
40490
65503
45335
44984
10470
25830
19194
45096
54593
53019
56101
38355
56547
48825
5860
771
23945
36480
50322
31732
32757
51709
5742
53267
20213
60306
31662
2025
25827
14814
53912
21584
59548
10536
147
36466
27529
36004
4653
11605
37878
54519
65247
46049
2470
57091
26885
53053
39145
33596
4757
40611
11445
24042
53723
30055
13093
60120
14331
55036
35238
1964
28735
11038
9222
19392
117
44421
58260
34548
11345
9549
56388
5599
1067
44240
39074
56018
41209
15971
13637
18281
14494
55892
37079
37082
43581
11861
43905
23754
60569
9111
53921
57784
37982
50244
25834
7082
29956
29547
16464
55053
34979
36383
16191
25752
12595
17120
39498
35274
55199
52261
4203
55142
30629
44253
40255
22835
46759
45913
824
21208
4995
17777
54061
24542
64970
18298
7145
37809
12937
57907
4551
33808
58977
34554
44988
41838
319
5829
49950
41386
35159
53227
19053
60797
29085
14922
58551
31782
52947
9674
24187
44659
20542
8369
19911
33367
11241
27697
9309
15018
17728
5144
3558
52360
17931
45435
15565
26737
29172
28479
55425
55165
61646
3638
53146
34793
17036
16866
61719
36510
34282
12250
62339
24563
58819
38286
50339
34957
43212
99
38612
20703
9605
52078
10943
31142
25373
15780
19414
41442
26142
54725
15549
33040
56483
28901
47901
50622
18885
56057
29855
27806
53508
23428
3971
46237
55086
40471
20500
14969
20174
54120
59257
4773
36961
45386
31135
57715
38203
46635
26203
62716
13692
14084
6302
10327
55055
63950
29815
18883
27797
24954
6362
65525
2655
53608
27243
62693
43329
52125
10433
60017
58797
35872
25826
1041
396
25285
17809
23111
48872
62876
17187
30555
62717
20392
48992
580
7086
54598
58947
27610
52853
20203
53596
8926
39628
57714
9725
44494
2077
9463
50549
14175
63856
45822
36138
1735
41498
