-69
47
0
35
39
0
56
-113
0
0
0
15
8
56
0
70
49
25
3
0
0
0
1
-93
0
0
0
0
-28
21
9
0
0
-73
0
-84
42
-76
0
0
-47
0
102
0
0
0
28
0
110
0
0
0
0
3
54
57
-91
0
-45
0
0
8
33
0
0
0
35
0
0
13
0
0
72
58
0
0
19
23
69
45
-93
-24
0
55
-17
0
10
-110
0
-100
0
-27
0
74
4
4
33
33
0
0
47
-72
0
0
12
0
0
0
4
0
0
0
-23
31
0
-1
0
52
-45
54
0
0
0
35
0
0
17
82
-4
7
-8
19
-66
0
0
0
0
0
0
0
-92
0
-71
35
0
13
0
12
-100
24
34
90
-108
-85
25
69
0
1
0
55
0
0
0
0
22
-93
0
0
0
42
-35
0
3
-11
0
15
-32
68
37
0
16
55
0
-107
10
-128
0
0
0
126
0
0
0
38
40
27
12
17
23
0
-111
94
60
0
109
109
0
63
0
0
0
0
0
33
51
0
59
30
20
0
0
0
7
0
0
34
-26
-15
54
0
0
0
0
-14
0
97
6
0
0
0
0
45
0
0
59
48
62
0
0
-30
-89
0
49
0
0
50
46
0
-101
0
-80
0
-59
0
0
0
12
124
0
0
77
0
0
59
9
0
31
0
0
-90
0
-106
22
0
58
0
-43
0
-52
0
0
-4
0
32
0
0
0
39
3
0
27
45
0
0
0
0
0
0
-117
19
0
0
38
123
0
0
10
0
0
0
0
-118
104
0
31
-17
0
0
0
59
14
9
35
0
1
0
0
0
43
57
60
0
0
83
51
2
0
0
44
19
0
0
0
0
13
105
0
53
107
107
13
0
0
0
-88
0
-6
0
0
0
0
118
127
2
0
88
23
0
0
0
-128
0
0
10
1
0
0
62
121
0
126
33
0
118
-52
61
0
-118
0
-97
42
0
-128
14
0
0
0
47
0
0
0
-119
0
36
0
0
-99
0
0
0
73
0
0
0
0
0
44
0
0
60
31
0
0
0
0
84
0
1
0
0
0
0
0
10
7
10
0
0
0
0
0
0
0
21
15
47
62
37
0
71
0
0
61
0
34
-7
0
0
0
54
34
0
0
0
47
26
0
49
0
0
37
0
0
0
0
42
31
0
-51
0
19
0
0
0
0
-92
0
44
0
-41
24
0
0
-14
0
0
0
-89
0
0
0
0
59
0
0
0
0
8
0
56
0
0
12
0
6
0
37
0
-66
42
34
0
0
0
15
27
0
0
0
0
0
0
-17
0
0
0
0
49
0
0
118
0
0
51
0
0
-14
0
-39
0
0
0
0
46
0
-67
31
0
0
0
0
0
39
0
61
0
0
0
0
30
-117
2
0
0
-56
0
104
40
0
0
0
0
15
-11
48
0
28
-110
37
-2
47
24
27
48
-52
0
87
0
62
-47
44
0
0
0
116
18
58
55
0
2
0
0
0
0
0
0
43
0
61
0
12
-76
0
-66
-72
0
60
44
54
0
119
-5
0
5
15
70
0
80
0
-63
8
0
34
0
0
0
-51
0
13
46
45
0
0
11
0
0
0
-30
0
9
12
59
28
0
0
-66
0
47
121
49
-93
-79
102
0
0
22
0
22
26
-63
24
0
27
0
0
14
0
0
11
-120
0
56
-3
50
121
0
0
0
22
0
-43
0
0
40
57
0
-28
62
0
0
0
-121
18
0
0
45
0
10
-107
56
19
38
-38
0
0
76
-13
62
0
-69
63
0
60
0
0
0
29
0
0
0
-41
0
0
63
39
0
2
0
0
0
0
0
0
0
1
0
0
62
0
11
0
18
40
0
34
96
39
1
113
0
0
-88
-51
6
0
0
-17
0
0
-86
0
25
0
0
0
0
0
116
0
42
0
36
-55
34
51
108
58
-28
89
47
-93
0
0
0
0
-4
0
-95
-113
0
0
-5
29
0
70
0
-42
0
0
0
122
0
57
0
0
19
0
0
17
62
0
0
0
31
-51
0
-62
38
-120
0
0
0
0
0
0
0
-50
118
0
0
0
6
0
95
0
0
-38
-25
0
0
114
0
24
34
95
-78
0
0
24
0
0
0
60
0
0
0
0
0
0
-61
0
10
0
0
13
-31
42
0
40
-118
85
3
92
45
25
0
-39
0
0
0
49
0
20
0
57
23
0
-71
79
-123
-69
20
0
0
0
0
0
-53
13
4
27
0
0
0
-53
21
0
0
127
0
0
0
0
0
21
0
12
0
0
80
-87
0
0
-58
28
76
53
0
0
31
0
-40
0
0
0
33
-71
0
-3
15
43
0
0
-93
0
27
0
78
26
0
29
0
-52
0
0
27
-36
0
0
0
0
-33
-63
0
13
0
0
-128
0
85
22
-27
80
0
6
0
0
0
49
0
0
0
9
0
59
0
56
0
-126
15
0
38
0
61
-6
9
0
-4
-13
30
-79
0
-19
0
8
0
48
0
0
0
0
103
0
13
0
0
0
0
0
-49
76
0
17
-120
0
53
-73
0
0
41
75
0
40
93
63
2
0
0
0
-98
41
39
0
38
-2
104
0
0
0
45
21
43
0
57
46
9
0
38
0
0
-99
0
-82
0
0
0
0
6
34
0
44
21
0
106
110
37
0
0
0
0
0
0
20
18
0
0
0
0
0
0
16
0
-120
32
0
0
15
0
0
0
53
6
24
0
123
0
39
0
50
0
0
5
0
0
85
-87
0
43
-104
34
0
-4
-59
0
0
0
0
49
0
0
49
-66
-99
44
48
-76
41
50
0
125
-90
0
0
0
0
17
0
-51
23
56
0
58
13
0
0
-49
0
56
0
42
0
0
0
17
0
17
30
-8
0
0
0
0
0
3
48
-27
52
0
56
45
10
-56
0
123
20
102
0
31
0
0
7
37
18
0
73
0
82
11
31
0
0
52
0
34
16
86
0
45
0
0
0
21
-127
0
0
0
41
-25
0
45
62
0
-44
-65
44
46
0
46
0
-77
57
18
0
0
-92
0
-124
35
103
0
10
0
62
0
0
0
0
0
0
35
-54
0
57
47
0
0
0
0
18
11
31
-35
42
0
0
0
0
0
0
8
28
0
0
0
0
0
12
0
-30
56
99
21
26
0
0
49
0
56
2
22
21
0
36
51
42
10
-38
0
20
0
0
56
0
-1
0
-1
0
19
3
-93
0
4
0
56
0
0
18
0
79
25
59
0
12
0
-80
0
52
-12
38
3
43
-82
0
0
61
29
22
0
0
115
59
7
0
75
-120
29
-12
-5
-69
0
0
17
0
0
59
0
74
0
35
0
0
0
45
0
0
55
0
0
44
100
-52
0
31
94
50
-50
0
0
41
0
70
-96
0
0
0
0
0
50
-11
0
0
0
0
0
7
63
0
22
0
109
0
81
0
0
50
30
0
0
-36
0
-10
0
10
0
0
12
0
0
0
40
32
60
39
0
0
0
0
0
0
-18
20
3
-14
0
43
0
21
0
0
0
-66
-105
0
0
0
0
15
46
38
58
-100
0
-105
0
0
0
17
10
0
0
0
50
14
85
37
1
42
55
4
-68
0
0
0
36
85
0
0
-123
43
51
22
0
55
43
71
43
4
31
53
0
105
-71
0
0
20
0
30
32
46
97
31
24
-3
63
41
0
-2
0
0
60
49
-71
21
0
0
0
28
6
13
0
79
4
19
18
0
31
-54
0
35
0
2
-73
0
0
0
49
10
0
21
-17
0
33
0
-93
0
0
108
0
21
31
-25
0
112
39
0
7
0
0
0
110
40
-25
63
59
36
-126
0
0
17
40
53
0
0
-1
0
0
0
42
0
0
0
0
0
0
0
-70
76
59
0
19
0
-6
40
0
-93
0
76
27
0
0
0
0
-39
55
-38
0
45
0
44
7
37
-88
0
126
14
0
0
0
18
0
55
0
0
114
0
40
0
33
6
0
54
-121
0
24
82
0
75
0
9
25
27
0
35
40
0
50
0
0
21
42
59
0
0
-35
0
57
0
-57
15
0
15
-27
0
0
80
31
0
0
0
15
-96
0
117
38
45
0
0
17
14
0
52
0
0
0
6
0
51
0
39
0
83
0
29
0
0
0
0
36
29
0
-42
5
122
-113
0
-48
-8
46
0
0
0
80
50
0
0
-51
41
0
50
0
26
0
0
0
12
0
6
0
51
0
-92
9
0
0
24
0
0
44
0
0
0
0
-33
-85
-18
0
0
32
1
81
0
0
0
0
64
0
25
-52
0
0
0
0
37
0
22
27
42
0
-118
94
0
101
75
0
0
40
0
55
-100
55
0
-40
0
-54
58
-107
0
30
0
0
0
0
-111
22
0
53
0
-58
0
0
101
0
0
0
0
100
0
0
-115
45
4
0
0
119
9
16
122
0
62
0
0
103
63
43
0
0
3
49
126
0
0
-82
30
0
0
-74
0
62
36
52
0
0
30
0
0
0
0
0
0
0
0
-99
0
0
-15
-64
21
0
44
0
35
0
0
-4
0
0
0
31
20
14
0
104
0
0
0
0
61
0
0
0
0
8
0
104
54
3
0
0
0
34
35
-128
117
-63
91
22
-108
0
14
0
0
0
0
0
0
-64
14
0
0
0
0
0
0
0
0
0
0
0
33
27
0
0
0
0
46
49
-92
0
34
25
0
0
0
-14
0
46
28
45
0
6
1
31
27
20
13
11
-109
57
0
0
-123
-47
0
13
-6
9
0
0
-109
-105
3
0
0
0
0
0
61
43
46
54
61
61
0
-42
89
-74
0
0
127
0
20
0
-106
38
0
0
0
0
116
0
21
0
27
0
0
0
-52
29
0
0
50
0
0
52
0
0
0
20
0
0
0
0
0
0
81
18
0
-56
15
8
54
-52
0
0
0
0
32
0
0
0
56
-24
-81
-94
0
0
0
27
-50
0
-65
0
-52
13
-61
0
50
119
29
0
-116
118
0
50
0
46
5
0
0
11
24
9
33
86
0
0
0
0
0
0
0
0
0
0
0
21
8
49
-13
1
0
46
0
-40
123
0
61
-117
0
0
19
0
64
92
34
9
0
1
-46
0
0
26
26
36
-72
92
0
0
0
0
22
0
0
0
0
-2
0
29
0
0
0
0
-103
53
0
0
0
0
-89
0
0
0
-109
0
0
25
0
0
27
73
9
0
0
-27
0
0
35
0
21
4
52
0
0
0
22
0
28
49
0
16
0
0
10
30
0
92
0
0
28
0
0
50
-89
-113
0
0
29
0
0
0
36
0
-87
0
0
46
45
47
-127
4
0
4
0
0
103
0
67
0
0
47
0
0
0
5
0
126
-55
117
0
0
61
0
0
18
0
0
0
0
0
0
0
0
0
53
82
0
0
0
117
0
6
0
59
16
-61
0
20
0
42
0
33
8
7
0
0
0
24
40
0
-66
63
18
56
0
-12
-23
0
103
-47
3
52
52
0
0
-125
0
64
12
0
0
0
0
0
0
22
0
0
42
0
0
0
0
124
33
0
3
-10
20
0
0
28
14
0
0
0
0
16
-28
-98
0
-70
-88
81
-69
65
0
5
0
0
0
0
0
0
0
17
0
44
-64
0
0
0
16
-6
-111
0
5
1
0
0
21
0
118
0
8
23
0
44
47
25
37
0
-22
46
0
45
-2
57
0
67
34
0
32
97
122
-97
2
64
38
18
5
57
0
0
0
0
0
0
11
0
19
-62
0
57
-1
0
0
-58
56
0
60
0
0
53
33
-12
0
-36
0
0
0
0
-8
62
53
0
21
19
0
-72
24
37
0
0
0
0
0
86
-103
0
0
0
7
0
0
114
-112
-38
54
60
0
0
5
0
-10
0
62
0
-41
0
15
69
-104
0
5
0
0
0
0
71
0
-1
39
0
0
0
29
0
-69
0
0
10
52
0
0
12
19
0
33
58
0
0
0
0
0
0
69
0
-29
71
-89
0
0
0
0
0
32
111
92
19
17
-103
0
0
0
0
45
0
51
0
0
107
0
0
0
-102
0
0
43
54
0
0
0
-52
0
0
0
0
0
0
71
0
0
0
0
37
0
0
0
0
20
89
0
48
0
62
44
0
-26
12
0
0
0
0
23
-25
0
-54
30
115
122
13
0
76
-44
0
22
0
-114
46
1
5
25
0
0
4
-99
-116
58
10
0
103
0
121
63
-75
0
0
0
0
3
-99
-55
0
42
0
0
0
31
2
74
0
0
0
0
0
63
0
56
0
-89
0
-21
0
38
-37
0
-76
-128
0
126
0
62
-32
3
0
0
0
59
0
0
-37
22
0
2
43
103
31
12
13
0
0
0
0
0
0
-55
0
-40
13
0
0
2
-32
72
-45
16
21
-112
19
0
0
61
31
-75
0
-113
0
0
87
-103
0
61
7
-44
0
-64
42
-64
0
0
61
0
50
0
0
0
0
61
100
-92
0
116
72
0
0
0
0
0
50
0
10
-81
92
0
0
62
0
77
42
53
0
36
0
-76
0
-19
7
0
0
0
0
76
0
0
-49
-46
-114
0
0
-112
0
64
0
0
0
59
-29
34
0
41
8
22
0
0
21
49
49
0
105
0
67
0
43
0
0
11
0
96
0
5
0
0
0
58
60
61
62
31
0
0
58
1
0
0
59
0
-119
0
33
0
0
0
0
0
0
0
0
0
60
40
0
0
0
4
0
51
0
28
0
0
46
0
0
44
0
0
13
0
0
0
4
28
46
0
40
91
-72
56
0
60
11
0
52
0
0
0
0
-83
0
0
37
0
36
4
0
10
0
61
25
22
11
0
0
0
-51
24
0
6
0
0
-55
-8
0
15
2
0
-125
-11
53
0
0
0
0
126
58
0
61
0
-8
0
0
40
14
-111
25
0
36
4
0
0
9
0
0
-31
32
18
0
0
40
0
0
0
74
0
4
28
54
23
44
29
0
-54
0
0
0
125
61
0
0
50
0
0
0
-15
2
0
0
109
-3
-126
43
-62
0
29
40
0
0
0
0
0
36
0
0
0
48
0
0
122
82
0
29
0
0
39
1
0
0
0
0
0
-23
0
0
-96
0
0
0
-57
0
0
0
27
0
0
0
0
0
-115
20
-18
108
-65
10
0
0
37
0
0
0
16
0
0
0
57
0
-118
0
34
10
0
62
0
-9
-76
0
0
0
0
-88
-81
0
0
0
0
0
0
96
0
35
0
0
0
0
109
63
0
0
14
0
0
0
0
0
0
0
0
0
0
0
0
1
0
0
114
0
0
49
0
28
0
0
0
0
40
-82
0
93
38
0
-25
0
60
0
12
0
21
0
23
0
-40
19
0
0
0
77
49
0
-111
113
37
81
0
121
21
41
0
0
17
0
1
42
0
-68
0
0
-49
0
107
118
64
37
42
68
50
0
0
41
0
79
21
0
0
0
0
0
0
25
0
0
-92
0
0
-7
0
10
-51
0
60
0
40
-65
0
96
0
32
56
-17
-74
35
50
0
0
3
54
0
0
20
24
0
0
0
0
0
0
51
0
2
0
0
48
94
0
0
-119
54
1
56
117
114
40
0
80
0
33
0
6
-128
0
45
38
44
0
0
32
49
98
29
-17
-34
0
0
35
40
0
0
52
0
105
0
13
0
0
81
0
0
48
110
6
-18
0
0
64
0
48
0
0
0
0
-56
0
6
54
0
0
100
0
14
0
46
0
0
27
97
0
0
43
60
0
16
74
9
57
0
-36
0
0
62
0
-57
0
36
0
0
-43
121
-36
0
4
0
60
0
0
35
0
0
40
0
0
21
0
0
0
0
-79
-89
0
45
8
13
61
0
29
2
0
72
94
127
-53
5
37
0
33
37
0
0
0
0
39
0
19
0
-107
0
45
0
0
54
0
52
49
7
0
0
0
0
0
0
40
27
0
55
0
3
0
54
61
6
0
0
0
37
23
0
0
0
0
18
0
43
47
47
0
0
0
11
0
-66
30
58
0
0
0
-98
0
14
-96
40
33
26
47
41
-77
26
-4
0
-85
45
-107
67
0
0
4
-28
-43
27
0
7
12
24
63
0
75
40
9
0
0
0
18
62
1
0
6
0
0
0
14
51
0
0
-54
-74
0
31
0
0
0
0
60
0
0
0
61
0
0
0
0
30
51
48
-117
0
3
0
-35
52
0
78
0
-68
46
58
0
0
-8
38
0
63
0
85
0
8
-85
24
20
0
4
0
65
0
26
38
-25
0
12
0
20
0
18
-74
-67
42
46
0
0
107
0
-118
15
9
80
0
-17
0
61
18
37
-57
0
0
17
0
48
96
-95
0
0
47
0
28
0
0
0
63
0
88
0
11
38
0
48
39
44
-68
50
0
47
43
65
0
34
0
0
31
83
14
124
0
62
31
34
33
0
0
0
-47
9
0
0
1
25
0
15
0
0
0
68
0
-69
0
52
0
29
7
34
-15
45
0
-38
57
0
0
124
15
3
0
0
0
-37
0
0
0
112
0
0
11
19
0
2
0
-95
97
33
0
0
0
1
0
57
-24
0
0
95
56
0
0
44
0
0
-118
58
-14
0
0
0
0
33
0
20
23
24
0
34
0
0
110
0
57
0
0
60
28
0
0
30
-18
0
58
0
0
0
0
-26
16
0
37
0
-32
15
18
-108
0
93
4
0
0
52
54
15
26
35
31
14
0
0
44
31
0
0
0
53
39
0
0
36
0
35
0
0
0
15
99
0
0
0
0
0
63
0
0
0
-6
0
56
0
0
53
0
0
0
0
5
0
5
59
0
0
25
-84
0
0
64
0
-30
13
0
59
0
-93
62
28
0
0
57
0
-50
31
5
0
44
115
0
0
-37
0
0
0
0
37
5
0
98
17
0
1
77
0
41
0
0
58
25
-86
4
-64
62
0
0
0
0
0
0
0
107
28
0
0
50
3
75
0
0
35
0
19
28
0
119
16
27
0
0
0
0
48
35
-82
26
0
27
1
95
0
0
-94
0
48
7
0
0
58
122
0
0
122
0
0
-99
-71
0
-17
62
32
50
0
0
-124
0
0
0
54
44
1
90
-78
1
57
0
0
0
0
0
29
0
0
45
0
0
0
0
-76
108
58
0
0
0
0
0
54
122
0
75
15
8
86
0
0
6
38
0
0
0
14
0
0
0
0
27
0
-55
38
79
10
-31
0
0
0
0
24
-93
50
0
75
24
11
0
0
0
25
97
0
0
34
-49
-66
0
0
-106
10
0
71
36
0
60
21
0
0
4
46
0
31
89
48
24
41
0
38
-71
28
38
0
0
0
-44
0
0
0
10
0
53
25
0
31
-38
5
0
57
0
0
0
30
0
0
8
0
0
28
0
-84
0
4
-124
56
38
0
9
14
0
-113
61
9
17
0
94
74
28
-109
0
0
34
41
9
-17
-118
-21
89
0
85
116
23
0
58
51
62
16
124
-45
0
0
4
0
0
0
0
21
0
19
0
0
-31
105
-50
-102
32
0
21
0
0
10
62
43
0
0
12
0
-61
54
0
20
0
-88
0
0
-38
-11
0
47
0
98
0
-107
0
0
0
0
-46
-67
53
29
16
0
63
0
0
0
41
25
39
0
45
0
0
0
30
0
0
82
8
24
47
-119
25
0
0
0
0
0
0
-125
122
22
0
9
-44
-22
0
-70
53
-91
0
0
10
0
8
0
0
0
0
0
0
57
-84
0
0
22
0
58
34
28
50
0
0
0
0
-51
52
0
19
0
0
0
-43
0
0
45
0
-75
0
42
-42
46
0
0
0
12
0
0
0
0
0
23
66
111
0
99
0
15
0
0
-69
0
44
0
0
0
-48
0
19
0
12
0
78
-113
0
34
0
0
-58
0
81
0
33
0
0
44
22
99
0
48
91
100
0
59
46
0
44
51
0
-64
21
0
-22
60
66
0
0
0
-6
0
0
0
44
57
-32
58
0
0
-118
0
43
0
0
0
0
0
0
61
0
0
0
-52
35
0
-20
5
26
33
0
103
0
0
20
0
0
-81
0
66
0
37
0
5
50
57
0
0
3
0
0
28
0
42
13
58
77
0
56
0
-101
0
70
40
0
0
0
36
10
0
0
-61
35
0
0
20
58
0
58
10
0
0
0
0
-71
0
0
58
0
47
16
0
46
0
87
28
0
0
0
-68
0
0
5
52
-2
51
0
0
0
77
36
34
52
61
0
7
0
69
10
0
0
15
75
-37
27
111
0
53
0
0
32
85
54
41
-24
110
64
29
0
0
34
0
0
-5
35
-15
0
0
40
0
60
49
0
0
17
0
-40
0
0
0
0
-2
0
0
0
123
-116
0
-32
-60
0
-69
-59
0
46
27
0
0
74
55
0
0
-42
0
0
0
0
58
73
0
0
48
0
-20
0
0
102
36
0
0
-122
-126
0
0
-75
0
45
0
-127
0
-124
0
3
0
56
0
6
0
0
0
0
0
104
13
9
53
0
0
24
0
-100
44
83
0
0
88
25
-127
0
-105
-90
0
-12
51
-113
52
0
0
0
37
0
0
2
-22
36
0
0
1
0
59
-28
60
0
0
48
-29
41
0
0
32
0
0
0
0
0
0
0
0
0
13
108
-43
0
32
0
-84
0
0
0
0
0
-23
50
0
5
32
47
0
0
33
10
10
0
0
56
23
0
0
0
0
0
0
0
0
0
41
56
0
63
32
39
60
0
0
46
0
28
0
0
0
31
0
0
36
0
0
-81
-128
0
-121
0
0
0
56
1
0
0
-106
0
0
35
0
38
0
0
-22
-48
15
-85
0
20
0
16
0
0
119
-11
20
0
0
0
10
6
0
0
-23
0
0
20
0
0
49
0
0
120
0
0
0
0
0
94
41
111
-126
-108
0
0
-104
0
14
62
0
-81
0
-93
35
49
0
0
17
0
-108
0
0
0
46
0
17
0
0
0
36
-121
0
10
0
106
0
-114
0
0
0
35
46
0
35
0
0
35
0
-46
0
0
43
0
0
0
5
17
57
0
0
0
59
14
-38
0
0
34
51
0
34
8
0
-69
-32
-85
12
0
0
0
0
51
0
6
0
0
43
21
0
16
21
0
123
0
0
67
22
54
0
25
0
0
10
16
26
-91
43
0
0
0
18
0
-32
10
31
43
0
0
0
67
0
0
0
46
0
0
125
42
0
0
0
0
0
0
62
119
1
0
0
-89
48
7
42
20
0
0
0
0
37
0
-70
0
0
-3
0
14
0
0
0
0
71
0
2
0
-60
0
-12
0
0
52
0
22
0
-102
5
0
0
0
0
49
36
0
118
31
21
0
0
57
7
29
0
-93
24
10
41
29
-39
25
40
51
0
0
35
0
8
49
0
17
3
0
-90
73
24
0
3
20
-33
5
0
60
17
26
0
69
-77
-86
119
0
0
0
11
19
0
30
0
0
0
-122
-127
69
0
0
0
0
11
-59
0
0
0
0
124
0
0
0
8
0
0
37
53
5
36
40
-113
0
62
96
43
0
8
0
0
57
0
0
0
60
0
0
0
-90
103
-46
49
0
0
4
127
21
25
62
0
0
28
0
0
0
0
45
15
48
8
29
0
98
51
0
42
0
0
0
-33
0
58
57
44
0
0
0
0
-5
0
63
0
0
0
0
0
77
37
-15
-77
0
0
22
0
0
-21
0
0
0
0
0
53
24
19
0
0
0
1
48
0
60
50
18
-64
0
-14
-1
0
0
-121
57
0
0
0
2
56
0
0
0
67
0
60
11
14
0
0
0
-41
40
0
0
0
0
-27
0
0
0
-7
0
7
0
51
0
-55
44
0
42
43
1
41
32
-102
0
0
4
0
0
0
0
70
0
-74
109
0
22
14
62
36
51
0
0
0
0
0
0
7
103
70
13
0
0
62
0
0
0
1
50
0
29
0
46
0
0
0
0
0
0
0
-17
32
2
0
0
9
-103
0
-75
-100
18
37
0
0
-52
0
0
0
29
0
42
54
18
52
-66
0
22
14
0
63
0
0
15
52
-42
0
0
0
24
0
0
18
0
51
0
0
0
15
92
29
107
62
46
0
0
61
0
11
115
6
-7
59
41
46
32
0
55
17
-22
0
0
0
0
41
0
0
19
36
22
-106
0
8
0
0
-124
0
0
0
0
0
0
32
0
0
90
-88
0
-108
20
0
12
107
7
3
22
0
30
79
0
0
0
89
0
63
0
-102
0
79
-98
0
0
0
44
0
-120
55
0
26
-28
113
0
0
3
0
0
-68
43
0
16
36
61
12
34
19
0
21
44
0
0
30
-32
0
0
0
0
-69
0
42
45
22
0
26
0
0
0
-85
0
27
0
0
63
0
0
51
31
18
0
0
52
45
95
0
42
108
-6
-6
102
20
25
-62
-61
1
35
-35
1
-42
-92
0
25
39
0
116
0
0
6
-65
0
0
46
0
0
0
57
37
0
0
41
126
-127
123
0
0
52
0
0
0
54
0
10
-116
62
0
0
36
0
30
0
0
0
0
0
0
0
0
0
0
0
0
-32
62
43
81
45
63
-7
0
0
-45
45
0
0
-11
0
0
0
0
0
55
-100
30
0
16
119
41
101
0
0
0
106
101
0
113
-76
0
0
17
0
0
-118
33
0
-25
-50
0
8
16
0
-112
-102
0
-62
0
0
0
14
0
126
0
0
40
0
28
0
0
-5
119
50
50
66
-12
0
9
0
0
0
0
0
61
0
60
0
0
56
33
0
12
-88
-34
0
0
0
26
0
-105
0
77
0
0
0
0
93
110
41
0
28
12
0
73
55
0
28
-53
30
58
41
0
121
0
24
0
0
0
0
0
0
0
-52
52
0
0
50
0
0
5
0
0
0
10
15
43
0
0
44
49
0
27
24
13
0
43
0
0
0
57
15
0
-77
0
90
0
0
53
55
125
51
41
0
58
0
0
0
0
0
56
55
0
0
34
36
0
-108
40
-23
-10
12
0
0
0
4
-28
0
0
0
0
0
0
0
0
47
33
4
0
-41
0
0
0
2
0
0
0
0
-73
13
62
0
0
0
0
0
86
0
44
0
-75
-60
37
0
34
-16
0
0
0
0
0
0
0
0
0
19
52
-124
20
0
46
43
0
88
-48
0
0
0
79
0
0
0
59
0
0
29
0
81
0
25
0
0
34
-10
50
0
0
92
0
0
0
0
0
0
0
-114
116
0
0
0
53
0
0
0
55
0
0
34
0
7
-122
0
0
0
0
0
0
17
0
0
0
17
-9
0
22
-96
-54
0
41
85
0
62
0
0
86
68
0
-23
104
27
41
9
-6
0
34
0
55
0
4
70
0
0
0
0
0
0
18
0
-30
0
0
71
106
19
0
0
57
0
0
48
-23
25
20
0
44
96
24
0
0
0
69
30
0
19
0
0
0
-49
58
0
0
0
-38
0
26
0
7
-35
0
0
0
0
0
54
0
0
122
0
0
4
0
27
0
29
-88
0
-61
0
5
-37
59
0
45
59
0
0
0
31
0
0
0
0
83
11
0
0
0
39
0
56
8
0
0
25
124
50
-67
0
15
69
96
0
0
0
0
0
-84
0
0
-76
60
0
0
0
0
0
-7
-45
0
19
0
58
-6
0
58
62
0
0
56
26
75
61
0
40
18
0
-74
0
0
0
0
35
0
0
8
0
0
0
49
-120
13
7
0
0
0
-115
45
12
31
0
0
42
0
-83
-65
42
50
0
0
0
5
0
24
11
0
49
0
53
8
0
-82
0
11
117
-43
5
0
0
0
32
48
73
0
-19
0
126
2
0
0
71
50
-85
20
42
0
0
0
52
0
16
-118
0
0
0
0
53
0
0
0
0
0
48
-104
-11
23
0
30
0
0
-121
0
0
0
0
70
0
0
0
0
29
0
0
0
0
0
0
62
-37
0
100
0
23
50
-65
-121
0
0
0
0
7
-89
0
0
0
44
57
0
0
0
0
-82
-40
-119
0
0
0
-2
107
13
33
0
-115
0
82
0
56
41
0
0
37
44
0
0
0
103
33
-104
60
0
0
0
42
0
-6
0
0
0
124
28
49
60
86
5
124
117
0
-98
-95
0
-122
-41
0
0
38
59
0
0
0
0
0
0
38
0
0
1
4
0
17
77
83
0
0
19
0
0
0
0
20
-92
0
11
0
53
62
0
0
0
0
-44
33
-48
0
0
8
0
61
8
0
0
44
9
0
0
38
-25
0
0
-44
59
35
0
15
0
5
0
-92
0
-8
0
59
5
0
72
0
0
0
0
0
0
0
6
0
0
115
0
0
0
92
0
0
0
0
0
0
0
34
0
0
62
0
-104
0
1
100
0
1
42
49
16
0
80
-84
-15
108
30
0
0
0
-34
106
0
0
11
50
50
0
-53
0
0
0
0
0
12
0
0
0
20
56
0
0
16
-72
64
86
6
0
30
59
0
38
124
0
0
41
37
0
40
56
39
0
16
-86
-10
0
0
0
45
0
0
23
0
4
110
-105
0
0
28
22
32
0
0
42
115
0
0
0
-27
34
0
72
0
0
13
0
0
49
0
36
-103
18
30
0
120
31
0
14
0
96
59
31
60
0
0
55
-52
-63
11
0
91
0
17
0
10
-3
0
21
0
0
0
0
0
0
81
0
-91
100
14
0
58
0
-29
53
10
0
0
0
0
123
40
0
0
0
0
0
0
26
-34
0
0
0
0
0
73
32
0
0
-71
-110
51
0
0
0
0
0
-24
37
25
52
9
0
0
58
0
0
0
0
0
0
-27
0
0
41
0
0
0
0
0
81
0
0
29
-91
0
27
52
0
27
80
-12
-32
0
0
8
7
55
-116
-33
-91
107
0
31
19
-108
0
110
0
109
40
119
0
17
33
43
13
0
65
9
0
0
34
43
0
-111
0
0
0
0
-98
47
0
60
0
0
0
0
0
0
39
-15
0
0
0
52
18
101
0
46
0
0
51
2
12
10
0
122
0
0
23
0
110
35
0
0
0
0
0
110
0
46
8
35
41
0
-109
27
47
0
-72
-44
-8
-58
0
0
-2
0
-27
0
0
36
-47
0
44
0
0
53
56
57
0
-80
40
0
0
0
81
3
99
0
0
0
26
-103
0
0
0
56
26
0
0
0
0
0
26
0
0
0
0
0
105
0
36
59
45
-89
0
21
22
-106
0
0
-59
17
0
42
33
0
0
0
0
0
0
-63
0
1
10
13
0
0
0
0
31
36
115
-14
0
0
18
0
0
28
47
0
-48
29
0
0
0
0
-71
0
0
21
0
0
0
0
-45
0
46
42
0
0
-86
0
36
53
24
0
18
38
0
16
0
0
7
0
0
1
0
0
0
-50
-2
0
0
-67
0
0
0
9
0
44
113
0
15
94
40
15
32
20
-53
0
54
0
29
41
0
34
0
3
0
34
0
114
58
42
52
5
0
50
0
-80
104
49
0
0
0
125
0
-68
0
4
47
-13
0
0
0
0
55
0
61
72
35
0
46
-52
0
0
0
0
58
7
127
-12
0
86
-86
0
0
74
-69
57
0
0
62
0
0
0
0
72
0
0
0
53
22
59
9
0
-1
2
-20
59
0
-111
25
0
0
0
46
0
0
0
0
8
0
68
0
57
0
-109
59
0
0
0
0
0
84
106
0
0
9
37
0
-7
0
0
0
-123
-105
0
-22
56
0
0
0
0
0
0
0
-58
0
0
0
60
0
-123
-28
0
0
24
87
95
2
0
21
0
0
-21
0
0
0
0
32
15
26
0
0
77
2
0
-74
0
0
0
0
5
61
0
0
0
0
0
0
0
0
0
18
0
63
79
0
95
55
0
-108
39
-20
2
0
0
14
6
20
0
-104
0
0
86
3
60
98
0
33
0
0
0
0
0
0
0
0
0
0
126
0
0
4
62
14
15
0
5
0
95
-89
0
-109
0
0
35
42
-70
0
0
0
0
0
0
0
24
0
0
0
19
-50
0
0
0
0
0
-32
-55
0
0
47
-43
0
12
0
-66
63
0
54
83
0
9
0
-109
-50
26
53
60
-86
43
0
18
57
17
0
0
9
0
0
58
0
0
59
-52
-59
0
0
0
12
0
6
0
0
108
14
43
0
0
0
-38
-35
-79
47
0
57
0
21
0
0
0
0
0
0
0
81
7
0
-67
1
0
1
6
31
0
-8
68
0
0
0
0
37
0
0
0
0
54
6
0
0
0
6
0
26
0
0
47
62
0
0
0
82
34
0
92
-6
0
0
0
0
0
-78
-16
94
0
0
0
0
38
0
75
0
0
67
0
45
0
117
0
62
24
43
0
10
0
2
-86
35
0
25
50
0
-93
-92
0
0
0
62
0
0
94
0
105
0
-10
10
0
0
59
38
0
22
-125
36
0
0
0
0
0
31
0
0
74
62
55
32
-101
80
14
0
0
0
0
0
0
0
-46
12
-26
0
0
103
34
-30
34
0
59
0
-91
0
54
-22
0
-5
6
0
93
-124
26
28
63
21
0
3
102
0
0
13
43
0
10
0
20
0
0
62
123
-96
0
-71
0
3
0
120
0
0
-7
-107
0
26
4
0
49
0
0
32
0
0
0
81
60
24
21
0
26
117
0
0
0
-67
0
0
-113
-83
0
0
0
0
23
17
0
13
0
27
99
0
18
0
36
0
0
-105
0
0
74
0
0
0
25
18
-89
0
0
0
0
-11
16
0
0
0
0
27
123
0
56
0
0
-98
0
0
0
-20
0
0
0
20
0
0
5
59
-69
5
35
-112
0
0
48
-53
53
22
24
36
-42
0
56
-91
7
0
-103
0
0
0
51
-2
36
40
44
36
71
0
0
72
0
17
57
35
0
14
0
44
39
0
-114
20
24
0
69
0
-115
0
41
0
0
62
0
21
48
0
0
46
0
-17
0
53
0
0
64
60
0
53
0
0
-100
0
0
0
0
0
0
-91
7
31
5
57
10
0
55
80
0
-52
0
-85
54
58
25
0
0
99
59
0
0
23
0
31
0
11
0
58
15
0
30
1
0
2
0
81
-79
0
114
0
0
9
50
4
0
0
49
0
0
0
35
14
0
-94
44
27
-35
0
3
54
-12
30
0
0
-46
0
0
0
27
0
0
0
0
114
0
-90
56
45
56
94
0
4
-7
0
47
-112
47
-66
-117
0
36
-22
0
0
0
0
3
9
0
47
-51
56
0
0
49
74
0
21
119
0
0
48
0
31
0
0
0
0
108
-54
11
0
0
23
0
0
126
9
23
0
-10
3
0
-99
0
57
22
0
0
38
102
0
25
-33
1
58
0
0
0
45
0
53
5
38
127
7
-89
37
0
0
0
64
43
0
4
12
0
0
0
0
0
0
-123
0
6
0
0
0
0
20
0
96
112
0
71
0
0
63
0
0
-107
57
0
0
-27
36
0
0
29
0
38
11
56
-94
28
37
0
0
49
0
0
23
0
96
0
34
0
0
12
0
0
32
42
0
11
54
0
-31
0
0
13
0
41
25
32
0
0
34
0
0
0
0
53
0
0
0
24
0
-63
0
-76
21
-124
46
0
73
0
0
111
0
-10
25
45
73
20
0
0
-54
-7
1
21
-50
-117
-20
3
10
0
27
0
60
-11
0
0
0
118
31
17
0
0
0
120
0
47
0
0
53
0
20
0
0
11
0
0
0
0
3
0
48
0
27
0
13
0
108
77
0
0
0
-87
54
10
0
0
0
0
66
41
24
0
0
0
19
13
12
5
0
-120
21
18
-96
82
0
0
31
0
95
0
43
40
-41
0
4
0
0
52
0
38
0
26
0
0
-112
0
59
89
20
-46
0
0
62
-41
58
-112
30
50
0
21
31
0
102
0
27
56
0
15
0
0
0
-83
0
0
43
0
0
39
0
5
0
0
0
0
0
0
69
25
0
56
0
0
51
0
0
-72
0
0
0
0
26
0
-44
-58
17
17
0
59
60
31
0
120
0
-58
19
0
57
87
0
0
0
-108
0
0
17
0
38
41
0
29
0
62
50
38
30
3
11
-37
-114
26
62
0
0
89
0
63
31
0
-115
0
0
0
77
0
0
2
0
0
0
0
0
-95
0
0
-41
0
0
0
-45
0
0
0
16
0
-62
0
0
-64
0
0
0
6
0
12
0
0
0
26
-121
0
0
-6
56
0
-6
8
0
0
0
0
0
0
-125
50
0
91
0
2
0
46
0
0
0
0
41
0
0
0
0
-15
0
0
11
25
0
0
0
-19
58
0
0
49
-123
0
0
-45
16
124
44
0
57
0
0
0
0
0
19
0
47
-112
0
57
0
27
125
0
62
2
0
-82
53
0
6
-125
8
0
0
52
23
0
40
59
0
0
0
42
13
-68
0
0
57
124
78
0
0
0
37
25
59
69
-19
4
0
0
0
32
0
0
78
0
-43
11
86
0
0
0
0
0
90
-60
26
-40
0
0
90
-14
0
0
35
11
0
0
0
0
38
0
49
35
35
0
0
-98
0
0
56
27
0
-33
0
-85
60
0
0
0
5
1
19
0
0
0
0
0
29
0
-57
87
0
0
-47
0
-59
0
0
0
24
0
0
-74
0
56
56
60
-46
11
56
0
0
-31
0
32
0
0
80
0
-29
55
31
0
0
0
0
22
25
0
0
0
0
0
119
55
0
56
53
8
0
0
7
86
0
27
57
0
0
19
58
0
16
0
98
42
-121
0
-64
50
34
0
0
0
-18
0
0
119
0
21
0
0
0
0
63
106
63
-107
46
0
18
0
0
-79
56
0
0
14
72
0
2
-7
0
35
0
41
19
0
-43
-47
0
0
0
31
0
0
0
0
0
0
55
-47
82
117
41
-66
0
0
63
0
-89
0
0
39
0
69
2
-20
0
0
0
0
0
5
0
0
48
0
0
49
63
0
0
26
-12
1
0
72
25
-30
24
28
0
87
0
-33
0
-79
19
0
0
8
32
62
0
0
0
0
0
0
-21
0
0
0
-61
19
0
36
0
0
124
0
-91
0
0
0
0
14
0
-12
-79
0
0
0
0
-11
0
30
0
45
88
0
35
0
0
58
0
0
0
62
67
0
0
0
40
0
85
33
0
0
-48
0
0
44
0
0
-16
0
0
-70
0
18
24
0
0
0
0
34
0
0
49
-54
-32
0
0
-26
44
0
3
0
0
14
1
0
0
0
-3
0
-85
-6
97
0
-43
68
0
0
41
43
0
0
58
0
36
30
28
50
0
0
0
55
0
0
0
0
0
0
0
0
30
0
0
79
10
31
45
63
-65
50
-66
-76
-42
0
0
0
0
0
0
5
100
0
50
0
0
0
0
62
59
-116
28
0
-82
0
0
0
15
51
0
0
16
8
0
0
0
0
0
0
0
0
8
0
64
0
0
0
59
-28
0
0
84
0
0
0
61
52
0
12
0
0
-34
6
48
26
0
10
0
51
0
0
91
-117
16
0
52
0
4
0
0
0
38
86
0
26
0
0
0
11
0
120
-128
27
0
0
0
18
0
0
-99
61
127
0
53
-127
0
73
92
0
0
0
-105
26
56
21
0
0
0
0
0
61
99
0
-63
32
-6
0
0
13
0
0
0
0
18
0
56
0
0
38
-101
-52
0
0
-39
-2
47
0
60
0
0
0
5
52
0
63
0
32
35
95
0
0
0
0
0
0
0
0
0
11
31
0
0
9
0
9
56
0
35
0
-82
0
0
-4
0
20
-107
0
46
0
-37
9
93
0
83
0
-22
0
0
-117
0
60
113
0
0
2
0
123
0
-78
0
0
0
0
57
53
0
-100
0
0
0
0
30
17
34
61
107
0
8
54
0
59
0
-112
-50
0
34
2
0
127
65
0
0
-109
0
91
0
0
43
45
0
0
12
0
60
-91
56
0
57
53
-120
27
-103
0
0
0
122
9
0
36
0
0
0
0
-74
36
0
91
0
0
0
60
-70
0
70
31
0
0
0
0
0
59
0
-9
13
77
0
0
0
67
-32
7
-14
46
0
0
56
12
0
40
45
0
0
13
54
-69
0
0
0
58
0
16
27
50
14
0
57
0
0
115
0
0
0
8
0
0
18
41
53
30
113
25
51
0
0
14
0
0
-90
0
0
0
44
82
0
0
-110
11
0
0
18
-95
14
0
56
18
116
0
0
51
-66
0
0
18
86
48
0
0
-71
27
-84
0
0
0
1
0
34
-24
0
0
0
30
0
-21
23
8
0
38
0
0
0
35
-35
49
0
0
15
37
0
0
67
0
66
7
0
40
0
-127
24
0
106
3
-20
0
0
0
2
-72
119
0
0
62
0
0
0
0
22
17
0
0
0
-14
-19
0
0
0
-100
0
0
0
0
0
112
42
0
0
0
53
0
0
0
-69
35
0
-75
51
57
0
0
0
0
103
0
36
0
61
0
-102
0
0
0
11
0
-77
0
61
51
-18
0
79
0
0
0
0
0
0
0
0
0
0
0
4
0
0
0
1
0
30
113
11
62
0
0
59
60
50
10
0
33
7
-65
0
55
88
0
-4
0
-71
8
0
47
0
-79
28
0
59
87
59
-41
0
0
0
40
29
44
4
60
13
0
10
0
-101
0
0
0
0
0
21
0
57
36
11
0
0
27
0
0
12
0
0
11
97
0
35
0
-28
0
0
0
0
113
47
32
53
0
2
0
56
0
20
0
101
0
52
0
-16
37
0
-49
0
52
0
0
61
14
127
0
43
62
0
18
0
30
25
66
23
31
0
48
0
0
49
21
60
0
0
27
52
0
54
-49
62
21
0
0
0
94
0
90
0
18
0
50
0
0
-127
20
0
40
25
0
29
0
0
39
0
0
0
84
108
0
39
0
3
0
0
0
0
0
89
0
46
89
0
-35
-8
0
2
14
4
63
-80
0
60
0
0
0
0
10
0
33
9
48
0
-77
-95
0
-41
0
36
0
0
5
87
0
0
0
0
0
89
-14
-2
0
0
103
10
0
0
0
36
0
0
54
-14
30
91
113
0
0
0
0
-27
-43
0
0
0
116
112
13
6
0
-66
0
0
-46
46
-121
-61
0
0
0
0
96
9
42
0
54
0
92
42
0
0
-41
0
-85
0
-32
0
0
1
0
0
0
58
34
14
0
0
0
0
0
0
25
0
0
0
0
-34
48
41
0
41
0
-118
0
0
58
0
0
60
-47
0
0
5
64
0
0
53
0
5
0
4
38
0
49
0
0
0
0
0
0
0
-104
0
0
17
0
0
0
-34
73
106
10
33
0
51
0
84
0
0
0
0
0
6
0
0
0
0
0
-94
0
0
0
0
-124
0
0
0
20
0
0
0
0
0
39
0
1
44
0
0
6
0
0
0
42
1
0
0
102
38
31
86
0
-121
0
18
53
0
-92
0
-3
39
-34
0
0
19
18
0
7
0
34
30
0
0
52
0
0
44
-37
6
101
59
31
0
53
-29
0
0
71
0
13
29
0
0
-4
0
0
0
44
0
-44
62
0
0
0
0
0
30
99
0
63
-19
49
0
0
0
38
0
0
34
0
0
-66
0
0
0
0
64
80
0
-68
0
28
20
11
-62
3
6
0
35
0
-18
0
49
0
58
0
0
57
0
30
0
-78
25
0
0
51
0
0
0
0
-108
0
17
0
0
0
59
0
0
2
10
42
-125
0
0
31
0
26
34
0
25
0
0
0
16
-90
79
-114
58
0
0
-48
0
36
0
0
0
-4
41
-80
-20
0
0
0
64
0
0
2
44
43
0
0
-7
38
0
0
0
61
-105
0
0
3
61
-2
0
0
0
0
0
0
101
-67
60
0
0
11
0
0
14
0
0
0
60
-123
0
92
0
-88
0
0
-87
0
-111
58
97
29
0
61
37
97
0
0
0
-103
0
0
0
0
0
0
0
39
0
0
0
0
86
0
0
62
0
99
0
0
11
50
0
56
0
13
0
50
-116
0
0
-105
0
31
2
0
-74
0
0
57
-84
0
47
-75
0
0
50
40
11
0
0
-41
-111
0
0
0
0
42
-92
0
23
0
21
-60
0
0
40
57
0
-19
127
-80
26
0
0
0
0
71
0
63
0
0
53
38
26
17
22
0
0
100
23
0
93
0
0
-20
0
-31
20
0
-34
0
-39
114
0
0
0
38
-123
0
-16
127
6
0
-46
5
107
0
0
0
55
0
0
-123
4
-30
0
0
125
91
-107
0
0
0
11
47
0
57
33
0
0
60
115
0
0
0
55
0
-52
0
39
0
2
7
34
42
0
-56
0
0
0
-113
37
-29
0
-40
48
0
0
63
22
0
36
59
26
0
0
4
0
0
7
0
-30
0
0
0
0
0
55
0
68
0
0
40
0
0
0
0
0
46
-93
101
0
0
0
103
39
0
0
-63
-117
15
0
1
0
0
0
0
31
0
0
17
0
-114
4
0
0
0
8
0
0
6
91
31
41
53
-105
-33
28
-78
-21
0
89
-30
0
-45
10
0
-67
0
0
0
101
0
0
37
-53
117
0
-83
0
-23
0
39
0
0
0
0
51
0
-23
0
42
0
43
0
0
0
0
0
0
0
0
1
0
0
29
0
-110
0
-70
0
0
28
6
17
63
0
8
0
0
0
-66
0
2
0
-104
-115
0
0
29
-2
29
0
0
0
-60
0
50
0
0
0
-107
111
0
95
17
-25
-32
-125
0
0
0
0
0
0
46
0
45
-120
54
44
0
-85
28
0
0
55
60
0
0
0
-46
0
55
-46
0
50
15
0
0
0
0
0
0
43
0
0
48
0
0
0
9
-126
-1
0
-66
43
36
10
58
0
0
0
0
0
0
0
0
106
0
31
12
0
0
0
0
0
0
0
33
25
-118
62
0
0
51
46
-46
38
0
-47
25
22
0
0
124
0
0
0
5
0
21
10
-95
0
43
50
0
0
59
0
-86
9
0
0
19
-27
-29
0
-71
0
-3
27
0
0
-122
-90
0
0
2
39
0
126
0
37
15
0
54
0
0
0
-55
41
-21
0
95
46
24
0
0
0
63
0
-105
0
100
0
0
-43
0
0
99
-113
50
0
0
0
0
0
127
0
0
0
0
32
0
0
0
103
-35
0
19
0
0
0
-91
119
0
-35
0
23
0
0
54
0
80
0
56
0
0
0
18
47
0
0
39
-9
69
0
10
25
18
0
0
-58
0
116
56
0
0
-64
0
0
49
0
0
0
5
4
0
58
30
0
56
14
0
0
0
0
36
35
0
0
0
0
36
61
-73
0
2
-64
0
0
0
0
0
-88
0
23
118
89
0
0
-2
0
34
0
15
10
9
0
0
0
0
0
0
0
0
119
10
0
38
54
0
-104
0
0
14
0
53
36
0
0
0
23
0
-27
0
0
37
0
25
6
0
-38
0
0
40
-121
-49
0
76
0
38
34
-25
0
26
53
0
0
79
76
-87
0
0
0
-32
0
0
23
63
17
0
0
0
-116
113
0
0
33
0
40
79
0
48
40
85
-6
0
0
0
14
45
31
-76
9
-98
-100
20
0
113
-107
0
0
0
14
0
0
3
0
-126
94
0
0
0
-49
0
0
60
3
51
0
0
16
69
35
33
11
-32
-4
112
37
40
0
0
24
0
55
0
50
-81
30
0
0
18
40
25
0
0
0
40
0
0
49
0
0
39
27
0
0
-32
0
53
-123
0
0
19
0
0
0
0
44
103
92
78
-118
-106
0
0
0
6
21
-61
62
29
112
0
24
6
0
-105
0
-102
0
0
0
0
0
0
0
25
0
0
0
0
-111
0
0
-56
-42
0
0
0
0
6
53
-112
26
0
-70
0
8
0
56
0
43
0
61
0
-41
0
44
35
-79
40
